-0.110881
-0.036773
-0.176213
0.001176
0.197261
0.068780
-0.179371
-0.192777
-0.175047
0.023395
0.052262
0.096035
-0.054032
-0.039282
0.287486
0.081849
-0.317170
0.158984
-0.202686
0.040282
-0.167159
-0.147905
-0.105644
0.152229
-0.039638
-0.111243
-0.040993
-0.171003
0.006125
-0.131942
-0.021403
-0.132650
-0.230818
-0.036589
-0.194053
-0.279820
-0.068672
-0.256831
-0.118415
0.111252
0.172047
0.233002
-0.048250
-0.008280
-0.311954
0.221601
-0.035179
0.259907
0.129939
0.274671
-0.022900
0.184981
-0.257637
0.012880
0.015097
-0.283061
-0.128401
-0.131935
0.107750
-0.385695
-0.053971
0.039186
-0.371536
0.056107
-0.043690
0.196081
-0.097440
-0.131553
-0.061780
-0.254827
0.144803
-0.067450
0.181800
0.148033
-0.138331
0.252862
0.147905
0.165985
0.213160
-0.065263
0.185121
0.053297
0.065323
0.163003
-0.200874
-0.194120
0.034455
0.334744
0.060926
0.234727
-0.022753
0.157928
0.065604
-0.203586
0.011288
-0.357828
0.046902
0.219531
-0.287115
-0.179330
0.081684
-0.072774
-0.067851
-0.191128
-0.072663
0.164546
0.074784
-0.085767
-0.014639
-0.074861
0.005891
0.130727
-0.232291
-0.051755
-0.171870
0.060910
0.109290
-0.180604
-0.022647
0.179270
-0.069021
0.057608
0.229950
-0.184181
-0.211362
-0.144786
0.092198
-0.037901
-0.234945
0.119094
-0.111231
-0.086479
0.127907
-0.175302
0.024191
0.064042
0.122236
0.216400
0.092446
0.014283
-0.281950
0.323890
0.053253
0.372903
0.109228
0.185495
-0.095289
0.083235
-0.004966
0.140268
0.084227
-0.269159
-0.086246
-0.230436
0.095941
-0.260802
0.047503
-0.134745
-0.272327
-0.058009
-0.120126
0.057504
-0.049588
-0.218155
0.186244
-0.131550
-0.010584
-0.115199
0.226354
0.136039
-0.004047
0.304698
-0.020957
0.047887
0.158850
0.041646
0.065256
0.070093
0.183123
0.009980
0.101766
-0.289220
-0.106161
0.292967
0.038265
-0.027747
0.126484
-0.033869
0.160567
-0.015834
0.038979
-0.266518
-0.078611
0.062367
-0.230158
0.105835
0.112058
0.097686
-0.217529
-0.133533
-0.044572
-0.000558
-0.161875
0.057729
-0.083775
0.025849
0.007088
-0.115902
-0.291530
-0.053183
-0.158793
0.043819
0.082702
-0.147428
-0.144062
-0.064257
-0.086354
-0.092264
0.211015
-0.024758
-0.191566
-0.138931
0.084996
-0.071894
-0.051974
-0.024191
-0.172509
-0.119882
-0.076543
-0.129708
-0.056083
0.025037
-0.006246
0.191683
0.255960
0.037262
-0.305653
0.084889
-0.291017
0.316036
0.052036
0.114184
-0.022713
0.013557
0.033054
-0.052746
-0.059925
-0.334560
-0.060393
-0.176195
0.150711
-0.206038
-0.051248
0.001550
-0.237316
-0.049795
-0.035599
0.107739
0.028010
-0.046305
0.118582
0.106756
0.193601
-0.200951
0.227386
0.089008
-0.083391
0.161128
-0.051233
0.039522
0.145438
-0.013957
0.240922
-0.080219
0.035205
-0.165997
0.133033
-0.351778
-0.159795
0.005869
0.187022
0.117884
-0.027591
0.080107
0.233654
-0.189838
0.064093
-0.247053
-0.002949
0.152010
-0.116292
0.068785
0.111385
0.057071
0.108001
-0.200797
-0.088874
0.098660
-0.259012
0.043440
-0.150477
-0.028813
0.176170
0.105454
-0.179672
-0.023713
-0.221578
0.186101
0.100010
-0.115921
-0.194346
0.164745
0.113146
-0.056333
-0.350725
-0.194173
-0.257116
-0.131662
0.194747
0.070864
-0.211570
-0.046051
-0.064714
-0.069368
-0.130562
-0.072536
0.149026
0.161128
0.062372
0.299921
0.100146
-0.221363
-0.039968
0.258336
-0.170140
0.127523
0.011159
-0.120436
-0.154275
0.155181
0.032116
-0.060073
-0.035476
-0.292680
-0.004985
-0.016604
-0.281124
-0.243270
0.117072
-0.147054
-0.159593
0.032363
-0.230880
0.198844
-0.056198
-0.052433
-0.013635
-0.349905
0.194496
-0.236627
0.109392
-0.040836
-0.252115
0.321938
0.131821
-0.003629
0.079679
-0.021675
-0.016286
-0.105924
0.010973
0.184207
0.160827
-0.353838
0.103970
0.094062
0.161491
0.269060
-0.156419
0.011661
0.266161
-0.250069
0.054289
-0.260303
0.063650
0.065446
0.141735
-0.062772
-0.092782
-0.104114
-0.025912
-0.114425
-0.108278
0.203542
-0.180918
0.101778
-0.241864
0.016969
-0.012565
-0.171451
-0.238676
-0.171972
-0.259775
-0.043159
0.249307
0.102204
-0.227248
0.105704
-0.169609
0.001648
0.039527
-0.070652
-0.238565
-0.071936
0.286217
0.033425
-0.091777
0.029360
0.147707
-0.172895
-0.275781
-0.264282
0.085681
0.198041
0.025221
0.396621
-0.023654
-0.159535
-0.092873
0.213802
-0.147780
0.146764
-0.017864
-0.152103
-0.120711
0.243589
0.314657
0.138254
-0.069629
-0.323326
0.014215
-0.007757
-0.147670
-0.143351
-0.079980
-0.064645
-0.082943
0.029182
-0.260027
0.059600
0.104476
-0.202907
-0.236962
-0.263318
0.215412
-0.254572
0.025648
-0.059842
-0.017615
0.320305
0.103735
0.143944
0.045850
-0.177714
0.165712
0.089760
-0.123344
0.100746
0.200798
-0.079170
0.008369
0.151438
-0.112997
0.300104
-0.048398
0.075948
0.256616
0.027780
0.052232
-0.133102
-0.053114
0.214366
0.035492
-0.115174
-0.207557
0.301153
-0.043708
-0.266777
-0.224968
0.012855
-0.099485
-0.058152
-0.215518
-0.022658
-0.017933
-0.234722
-0.048107
-0.324200
-0.287326
-0.240078
0.038567
0.094528
-0.211372
0.151368
-0.066180
-0.018943
0.250670
-0.065106
-0.204756
-0.105982
0.306643
0.038382
-0.183093
-0.031570
0.025296
-0.133027
-0.294499
-0.007187
0.178982
0.150579
0.101150
0.328158
0.227204
-0.115274
-0.121967
0.041133
-0.318682
-0.050589
0.058188
-0.282216
0.045306
-0.115426
-0.064668
0.181118
0.083979
-0.370885
-0.003944
-0.141929
0.218820
-0.184275
-0.011826
-0.134144
-0.086964
0.031557
-0.110877
0.104749
0.031100
-0.004673
-0.262227
0.211658
0.251759
-0.186651
0.023127
-0.098396
0.007422
0.342179
0.161220
0.016249
-0.105599
-0.143969
0.252049
-0.256276
0.106870
-0.183871
-0.042570
-0.133700
-0.128413
0.027934
0.236084
0.282639
0.151559
0.171832
0.270468
-0.281157
0.032403
-0.332285
0.170340
-0.258994
0.199379
0.026847
0.250850
0.118428
-0.000541
-0.151106
-0.090043
0.204110
-0.251453
-0.102329
-0.122220
0.095825
0.052224
0.019977
-0.233926
-0.068396
-0.292459
-0.172537
-0.072071
0.072892
0.006833
-0.008299
-0.183060
-0.137632
-0.065978
-0.197985
-0.125104
0.005242
0.247625
0.044862
-0.054196
-0.378041
0.262648
-0.074228
-0.101483
-0.290225
0.117170
-0.017044
0.191582
0.376587
-0.002301
-0.168118
-0.022880
0.174580
-0.043370
-0.008979
-0.078617
-0.032994
-0.189248
0.013971
0.020124
0.341804
0.304795
-0.341131
-0.196818
-0.209112
0.042834
-0.178494
0.087095
-0.020262
-0.076682
-0.149706
-0.160846
-0.170417
0.096683
0.292000
0.205008
-0.292302
0.191638
-0.234245
0.116091
0.063201
-0.131540
0.290355
0.083743
0.082666
-0.015572
-0.095660
-0.021543
0.139249
-0.048409
0.159375
0.077202
-0.103589
0.217254
-0.085682
-0.197415
0.056631
0.095067
0.242679
0.064653
-0.238275
0.211775
-0.373979
0.050905
-0.207940
0.239134
0.287538
0.229812
-0.009024
0.109530
-0.040622
-0.000910
0.170101
-0.022643
-0.131195
0.038872
-0.041241
0.160500
-0.230138
-0.185973
-0.143570
-0.102364
-0.123200
-0.057600
-0.024252
-0.093421
0.051952
0.064092
0.088224
-0.265271
-0.006614
-0.228809
0.090073
0.371407
0.092206
-0.118410
-0.275888
0.143773
0.145822
0.024975
0.019483
0.200725
0.180724
0.128186
0.319345
0.006766
-0.212256
-0.197538
0.067061
-0.050473
-0.059422
0.126419
-0.037738
-0.070798
0.156507
-0.067145
0.242890
0.230674
-0.349803
0.023655
0.007552
-0.069217
-0.162469
0.006266
0.110494
-0.044114
0.029719
-0.041474
0.076465
-0.013572
0.258863
-0.005764
-0.034925
0.273385
-0.160042
0.096882
0.070228
-0.178472
0.265902
0.066028
-0.045957
0.133960
-0.259580
0.085424
-0.000618
-0.115602
0.115311
-0.216763
-0.178869
0.128482
-0.079038
-0.025053
0.101988
-0.150765
0.311819
0.284129
0.047833
0.087153
-0.376333
0.011571
0.122725
0.065716
0.233692
0.004535
0.346859
0.022653
-0.205580
-0.250653
0.073034
-0.203204
0.097520
-0.100187
-0.156736
-0.016545
-0.261699
-0.125836
-0.195549
-0.237834
-0.278764
-0.236123
0.216485
0.059352
0.015145
0.004725
-0.154610
-0.113301
0.060575
-0.050695
-0.037360
0.113987
-0.089775
0.013987
-0.136448
0.164220
0.085751
0.066834
0.215527
0.028550
0.165214
0.142697
0.192443
0.039991
-0.137265
-0.266126
0.081282
-0.268926
0.001231
0.148041
-0.117519
0.074243
-0.098276
-0.035070
0.407438
0.108670
-0.392614
0.103135
-0.307027
0.045470
-0.026791
-0.091191
-0.172831
-0.010048
0.054396
-0.104383
0.112625
-0.115437
0.163153
0.117749
0.366960
0.122672
-0.244450
-0.057886
-0.070651
0.114187
0.344021
0.206222
-0.124904
0.070879
-0.267945
0.022225
0.062021
-0.104988
0.047667
-0.230914
-0.203225
0.003815
-0.089702
0.193361
0.128278
0.064569
0.187736
0.176096
-0.252616
0.259324
-0.387155
