-0.064783
0.169324
-0.218142
0.102352
-0.085642
-0.218660
-0.132394
0.081129
0.487067
0.468416
0.764288
-0.116553
-0.045500
-0.053652
-0.073948
-0.199537
0.333123
0.414685
-0.174239
0.204351
-0.148292
-0.054467
-0.103409
-0.039219
-0.073444
0.133864
0.245088
-0.134386
0.490716
0.129325
0.007968
-0.094855
0.146178
0.037866
-0.143807
-0.528743
0.110217
-0.418553
-0.336053
0.151659
-0.188827
-0.111036
0.030828
0.142187
-0.148610
0.047461
-0.009234
0.083227
-0.173022
-0.119753
-0.296489
0.349824
0.122869
0.179426
0.304584
0.144185
-0.052294
0.250555
-0.365795
-0.226080
0.344802
0.312527
-0.215173
-0.014016
