0.215966
-0.287200
-0.097172
-0.149864
0.058053
-0.230561
0.151390
-0.332463
0.103321
-0.076202
-0.424013
-0.030344
-0.304780
-0.402274
-0.221792
-0.071489
-0.082659
0.231496
-0.013836
0.160340
-0.149236
0.008273
0.232725
0.155037
0.913337
0.102138
-0.384108
-0.145674
0.165703
-0.293413
-0.043080
-0.306477
0.505693
-0.489636
-0.131175
0.082096
0.226504
-0.347224
-0.307019
-0.095358
0.107302
0.252865
-0.086686
-0.152095
-0.257218
-0.163782
-0.184871
0.134840
-0.569850
0.090139
0.455386
-0.213502
0.163656
-0.066010
-0.343086
-0.103696
-0.105698
-0.138315
0.128083
0.284303
-0.293594
-0.291591
0.382373
-0.140360
0.078718
-0.352342
-0.246238
0.141113
-0.052191
0.081621
-0.149993
-0.342102
-0.180051
0.053520
-0.193300
0.173689
-0.060755
-0.132523
-0.263990
0.129094
-0.075357
0.292575
-0.045163
-0.120850
-0.176495
0.197136
-0.099903
-0.039453
0.016345
-0.191937
0.017106
-0.098932
-0.061450
-0.349629
-0.205641
-0.276361
-0.227956
0.204320
-0.056236
0.218887
-0.165006
