-0.119873
-0.055140
-0.016770
-0.193435
-0.230997
0.097807
-0.306718
-0.068987
-0.130211
-0.060624
-0.038983
-0.013952
0.226656
-0.460892
-0.420411
-0.162381
0.130252
-0.144992
-0.336926
-0.087995
-0.505463
0.094410
0.009030
0.022439
0.117309
-0.045089
-0.087737
-0.233050
-0.174324
-0.120526
-0.021146
0.030149
-0.230614
0.017640
-0.210295
0.045864
-0.098055
-0.174850
-0.254180
-0.048914
0.090844
-0.284978
-0.321514
-0.017181
-0.043806
-0.002072
-0.348083
-0.149966
-0.219724
-0.138183
-0.121963
-0.012742
-0.275328
-0.052648
-0.066702
0.096859
-0.288335
-0.015004
0.027300
-0.059732
0.220335
-0.272368
0.112816
0.016979
-0.277589
-0.043182
-0.214204
-0.157919
-0.971840
-0.289535
-0.154353
0.023395
-0.407082
0.053803
-0.497944
0.123215
-0.490757
-0.234989
-0.648977
-0.210308
-0.125804
-0.123425
0.087823
-0.119288
-0.196687
-0.171110
-0.288469
0.134461
-0.162278
0.068012
0.234937
0.298092
-0.029812
-0.208285
0.051072
-0.291783
-0.083654
0.016510
-0.397197
-0.260959
-0.090779
-0.167793
-0.224323
-0.000210
-0.277942
-0.111991
-0.278108
0.139546
-0.131504
0.100427
-0.354051
0.046321
0.076701
-0.239843
-0.021993
0.005333
-0.035468
0.118898
-0.139988
-0.079801
-0.134521
-0.236208
0.080572
-0.110097
0.265699
0.172630
-0.163263
0.130337
-0.114008
0.221400
-0.316059
0.049731
-0.044397
0.003988
-0.350520
0.036171
0.075627
-0.105954
-0.188563
-0.133528
0.007797
0.200922
0.069409
0.031824
0.075074
-0.260384
-0.084971
0.186576
-0.003959
-0.251050
-0.101542
-0.149914
-0.154694
-0.117727
-0.121919
0.155553
-0.194152
-0.033342
0.329764
-0.086440
0.125687
-0.022614
-0.064152
-0.056514
-0.056675
-0.154448
-0.120745
-0.320875
-0.108733
-0.486154
-0.073379
-0.012740
-0.257409
-0.107112
-0.047553
0.197242
-0.171429
-0.068881
0.018712
0.040841
-0.196889
0.093098
-0.041621
-0.207841
0.024289
-0.223171
-0.097475
-0.001982
-0.130422
0.200233
0.016250
-0.049306
-0.570449
-0.139678
0.206190
-0.030722
-0.329083
-0.053756
-0.018606
-0.129426
-0.166076
-0.005710
-0.394129
-0.231884
-0.393508
-0.093688
-0.009522
-0.303426
-0.486084
-0.385056
-0.388410
-0.078334
-0.006464
-0.048733
-0.183029
-0.008999
-0.349474
-0.056665
-0.116667
0.021170
-0.045979
-0.117706
-0.193885
-0.094364
0.142780
-0.386458
-0.103015
-0.181075
-0.170163
-0.099578
-0.036116
-0.084378
-0.575230
-0.231052
0.203121
-0.019041
0.100635
-0.223690
-0.146667
-0.491430
-0.170728
-0.183161
-0.182521
0.019814
-0.154580
-0.536793
-0.372161
0.145245
-0.092468
-0.175007
-0.060434
-0.133812
-0.084356
0.084819
-0.408339
0.022686
0.011696
-0.056190
-0.328279
-0.218613
0.183438
-0.156100
0.003383
-0.152844
-0.136236
-0.024207
0.111367
0.076794
0.176651
0.016586
-0.166833
-0.208912
-0.188575
-0.037080
-0.088692
-0.127814
-0.624513
-0.370064
-0.202134
-0.197266
-0.024377
-0.142772
-0.135955
-0.238024
-0.019332
0.155940
-0.378145
-0.304640
-0.220853
-0.307715
0.289728
-0.002725
-0.286901
-0.283581
-0.148533
-0.075941
-0.040207
-0.155745
-0.310131
-0.207771
-0.285536
0.057773
-0.126505
-0.062747
-0.091081
-0.237266
-0.164418
0.253080
0.200164
-0.107360
0.024860
-0.105492
-0.271502
-0.010911
0.113123
-0.085556
-0.050307
-0.042142
-0.215388
0.043242
0.363872
-0.069060
0.196877
-0.099223
-0.056099
-0.195915
-0.040301
-0.023208
0.095669
-0.009419
-0.184668
-0.108501
0.094263
0.084052
-0.224187
0.025893
-0.037030
0.006171
0.008071
0.060230
-0.072259
0.323573
-0.074163
-0.088326
-0.153236
-0.088564
0.206121
-0.077118
-0.090235
0.021516
-0.156574
-0.146102
-0.104333
0.036045
-0.191663
0.037084
0.125982
-0.137842
-0.364497
0.032739
-0.101991
-0.065731
-0.104260
-0.060127
-0.055292
-0.266527
-0.042831
-0.193433
0.082469
0.091205
-0.000837
0.147324
-0.204971
-0.234259
-0.016818
0.076923
-0.603014
0.158910
0.023530
-0.093463
0.052359
0.156892
-0.193408
-0.284562
-0.176587
-0.098652
-0.156551
-0.129744
0.015949
-0.204113
-0.026835
-0.014699
-0.195421
0.287500
-0.234902
-0.356642
-0.340032
-0.259719
0.194780
0.012367
-0.285862
-0.148530
0.234475
-0.213523
-0.191085
-0.082373
-0.316631
-0.231673
-0.425843
-0.154370
-0.047525
-0.057841
-0.141522
-0.025783
0.053858
-0.081966
0.249261
0.001117
0.026199
-0.327762
0.009806
-0.084775
-0.219235
0.145505
0.029985
-0.149403
0.342479
-0.013826
-0.207253
-0.294990
0.028471
-0.048057
-0.060574
0.076893
0.100562
-0.142648
-0.294727
-0.364246
-0.216828
-0.229116
0.087578
-0.313668
-0.089631
0.124406
-0.245754
0.150388
-0.175333
-0.411290
-0.322277
-0.168723
-0.031409
-0.116887
-0.333382
0.083560
-0.072283
-0.155231
-0.041869
0.236242
-0.363205
-0.285499
-0.141446
-0.397755
-0.117581
-0.087625
-0.222923
0.078831
-0.256531
-0.251303
-0.488071
-0.124316
-0.087706
-0.200293
0.277570
-0.002748
-0.159405
0.006986
0.191220
-0.127364
0.145114
-0.200347
-0.056951
0.080476
-0.125219
-0.100641
-0.282966
-0.203027
-0.106106
0.101376
0.025873
-0.778243
-0.294996
-0.122064
-0.008590
-0.158212
-0.484998
-0.095849
-0.265247
-0.221701
0.074882
-0.427947
-0.242521
-0.442966
0.048780
-0.024097
-0.150934
-0.324308
0.105166
-0.211069
-0.174184
-0.260550
-0.023202
-0.047576
-0.180851
-0.021203
-0.089742
0.131831
-0.527069
-0.141028
0.067145
-0.058029
0.026900
0.000800
-0.078500
-0.121453
-0.140001
-0.215304
0.121261
-0.068777
0.056820
-0.183754
-0.172120
-0.235727
-0.035951
-0.019145
0.041853
0.004129
-0.061831
-0.210196
0.046028
-0.097499
0.052055
-0.133708
0.022607
-0.092657
-0.028609
-0.087212
0.241229
-0.129428
-0.335283
-0.267833
-0.133324
-0.095709
-0.077907
-0.203195
-0.182160
-0.010235
-0.055782
-0.121812
-0.305689
-0.172910
-0.206870
0.160793
-0.141564
0.244834
-0.161707
0.027686
0.036940
-0.174870
-0.072771
0.397303
0.095970
-0.420173
-0.195909
-0.377744
0.052812
-0.238126
-0.113367
-0.142433
-0.003014
0.149415
-0.081268
0.046351
0.115014
-0.191826
0.036261
-0.091616
-0.177293
0.043958
0.061160
-0.096067
-0.202168
0.002957
-0.006323
0.051974
0.003983
-0.365310
-0.236946
-0.083577
-0.028930
0.018411
-0.063408
-0.146580
0.055725
0.183420
-0.082981
-0.153480
-0.169925
0.110555
-0.309696
-0.209173
0.019007
-0.263607
-0.349276
0.130879
0.069141
0.010630
-0.055144
0.116232
0.048471
-0.323465
-0.044275
-0.125375
0.063217
-0.150973
-0.117969
-0.078363
0.005328
-0.387937
0.064394
-0.423432
-0.080117
0.026059
-0.196252
0.004241
-0.225282
0.025856
0.050356
0.201000
0.071681
0.379996
-0.018925
0.087084
0.139567
-0.286189
-0.228143
0.038336
-0.135812
-0.116053
-0.081481
0.144546
-0.002208
-0.102195
-0.057155
-0.025880
0.168723
-0.066397
-0.226243
0.111358
0.195657
-0.137022
0.395272
0.065857
-0.072148
-0.103597
0.141059
-0.126494
-0.156624
-0.071835
-0.066797
0.115539
0.010770
0.081766
-0.027443
-0.169830
0.031461
0.376852
-0.179047
0.049535
-0.195889
-0.169756
-0.007843
0.107545
-0.205097
0.148373
-0.012375
-0.092736
0.026630
0.028442
-0.098966
0.252779
0.019247
-0.051494
-0.345395
-0.210532
-0.175822
-0.121267
-0.013309
-0.061016
0.190448
0.045043
0.050787
0.163959
-0.104330
-0.112977
-0.302102
-0.185671
-0.069540
-0.043630
-0.140086
0.005911
-0.114227
-0.242213
-0.165871
0.061639
-0.194335
-0.008262
-0.292409
0.115637
-0.138642
-0.310332
-0.071001
0.050789
-0.091387
-0.215396
-0.323161
-0.136448
-0.233633
-0.108285
-0.147806
-0.128331
0.090316
0.121610
-0.171468
-0.243285
0.068632
-0.113145
-0.209767
0.051951
-0.081089
0.006148
0.077492
-0.258327
-0.045873
-0.220571
0.071382
-0.102574
-0.227282
-0.151071
0.063453
-0.114296
-0.229065
-0.060552
-0.266063
0.164687
-0.157057
-0.161571
-0.032366
-0.043790
0.299903
-0.291135
-0.172848
-0.078711
0.072484
-0.256319
-0.141339
-0.331934
-0.231882
-0.388384
-0.110416
-0.035673
0.181620
-0.344152
-0.205935
-0.307641
0.174578
-0.427217
-0.264723
-0.120307
0.113581
-0.264044
0.037888
0.145746
0.311514
0.095149
0.020565
0.101613
-0.220405
-0.054609
0.004858
-0.121682
-0.004703
-0.048383
-0.132141
-0.337696
-0.105739
-0.278571
-0.124499
-0.330337
0.158270
-0.182060
-0.328778
-0.151733
0.012911
-0.017496
0.098604
-0.030756
-0.032971
0.022034
0.113070
-0.383975
-0.035281
-0.157476
-0.230303
-0.193981
0.082080
-0.181375
-0.275212
-0.244576
-0.073532
0.175465
0.023297
-0.307196
-0.260017
-0.235943
0.124773
0.140253
-0.039277
-0.022115
-0.369566
-0.236812
0.150821
-0.258424
-0.003317
-0.347403
-0.083770
0.011172
0.106274
-0.157049
0.022335
-0.306350
-0.009884
-0.152137
-0.039387
-0.301192
-0.147913
-0.286148
-0.222247
0.027311
-0.167792
0.336560
-0.126138
-0.192561
-0.090865
-0.052700
0.135122
-0.042247
-0.098430
-0.188229
-0.077864
-0.213456
-0.032761
0.094167
-0.038890
-0.067934
0.106883
-0.046108
-0.047541
-0.271691
0.002144
-0.191135
0.084126
-0.239850
0.009917
-0.127396
-0.122947
-0.052317
-0.306474
-0.021835
-0.149718
-0.606897
0.031513
-0.072929
-0.052761
-0.350183
-0.520213
-0.153179
-0.120336
0.034338
0.059860
-0.061438
0.155298
-0.170009
-0.201657
-0.253916
-0.084376
-0.046283
-0.010949
-0.124988
-0.167007
-0.199468
0.160891
0.212056
0.064764
-0.115900
-0.364261
-0.156429
-0.097760
-0.147392
-0.332948
-0.178893
0.167818
-0.086837
-0.304683
-0.065128
-0.147910
-0.537068
-0.203527
0.027987
-0.023828
-0.147428
-0.114518
0.131544
-0.140811
-0.133145
-0.044722
0.005167
0.205303
-0.004773
-0.095912
0.030330
-0.130458
0.199045
0.097853
0.008892
-0.004727
-0.299687
-0.014957
0.004926
0.007320
-0.258011
0.153967
0.112096
-0.232611
0.147749
-0.045645
-0.277303
-0.046647
0.181423
0.079742
-0.297023
0.129423
-0.281034
-0.111738
-0.163835
-0.019290
-0.255483
0.051970
0.150180
-0.298410
0.066165
-0.201145
-0.095208
-0.124274
0.162138
0.037724
-0.135274
0.012238
0.014329
0.062188
-0.234723
-0.253101
0.028283
-0.006153
-0.234104
-0.015800
0.092649
-0.086092
-0.215287
-0.253481
-0.010793
-0.115429
-0.213354
0.277894
0.000421
-0.098647
-0.030958
-0.314438
0.115692
-0.186281
0.031553
-0.065156
-0.071125
0.439131
-0.128241
0.002477
-0.364175
0.131641
-0.102334
-0.227130
-0.137283
-0.166586
-0.083700
-0.178633
-0.231560
-0.271998
0.013584
-0.171424
-0.176655
-0.056387
0.008306
-0.159582
-0.224578
-0.375788
-0.547156
0.040522
-0.334587
-0.177258
-0.054490
-0.027472
-0.137158
-0.125300
-0.389099
-1.126901
0.108539
-0.199513
0.154332
-0.301502
-0.230423
0.153560
-0.078224
-0.059712
-0.211441
0.069319
-0.159475
-0.171894
-0.038508
-0.326062
-0.320721
-0.081820
0.041447
0.290989
-0.277502
-0.088306
-0.162080
-0.009770
0.027471
-0.124675
-0.173071
-0.199306
0.011552
-0.215823
0.101582
0.153059
0.082442
-0.043891
-0.551458
-0.032991
-0.334232
-0.219375
0.027877
0.077843
-0.185221
0.090604
0.098118
-0.393100
-0.272572
-0.244508
0.053480
-0.181939
0.044059
-0.197407
-0.134917
0.091062
-0.100443
-0.146271
-0.075308
0.135893
-0.124494
0.390152
-0.088865
-0.518048
0.049092
-0.278896
-0.120262
-0.618907
-0.133573
0.020081
-0.245349
0.315375
-0.354891
-0.179702
0.150166
-0.714152
-0.230994
-0.174180
-0.038201
-0.223084
-0.134393
-0.142171
-0.242642
-0.029610
-0.192522
-0.209092
-0.186442
-0.221279
-0.023712
-0.150532
-0.194846
0.008926
0.055832
-0.244340
-0.265786
-0.136703
-0.086247
-0.006406
-0.225009
-0.003990
-0.199760
0.018427
-0.281227
-0.028327
-0.084616
0.051267
-0.302707
0.060130
0.047798
0.134721
0.004835
-0.092517
0.091427
-0.180853
-0.041668
0.184676
0.369606
0.026500
-0.518616
0.059425
-0.359205
-0.193644
-0.242323
-0.148895
0.110310
0.121596
0.018592
-0.266302
-0.154677
-0.163743
-0.093168
0.176564
-0.149519
-0.115629
0.283660
-0.167637
-0.281843
0.192091
-0.088138
-0.072193
-0.462296
-0.016442
0.137851
-0.152193
-0.033539
0.172989
-0.164870
-0.162360
-0.222836
-0.002353
-0.266132
-0.002180
0.184012
-0.205809
-0.075568
0.015820
0.080464
0.150690
-0.233441
0.008180
-0.046995
0.007644
0.086391
0.072214
0.055381
0.175311
-0.095821
-0.112217
0.020819
-0.006055
-0.073098
0.009233
0.113847
0.033553
-0.119712
0.096260
-0.061347
-0.328698
-0.097129
-0.012535
0.012475
-0.163659
-0.376279
0.046701
-0.106698
0.150896
0.138852
-0.300628
0.287515
0.020277
-0.003127
0.087988
-0.093569
-0.277011
-0.026013
0.133823
0.124188
0.024408
0.096345
0.075318
-0.049495
-0.175713
-0.037133
-0.144102
-0.069107
-0.088622
-0.082850
-0.154878
0.060252
-0.152315
-0.044019
-0.181420
-0.163425
-0.014667
0.033196
0.010367
-0.191395
-0.096802
-0.210046
-0.294002
-0.267369
0.108428
-0.132546
-0.310562
0.073237
-0.228366
0.167387
-0.176598
-0.271195
-0.250407
0.074073
-0.086798
-0.123249
-0.138215
0.066167
-0.011762
-0.164043
0.132428
0.052793
0.061335
-0.186082
-0.201756
0.093473
-0.290634
-0.223535
0.078671
0.049039
0.174523
-0.270757
-0.103940
0.101159
-0.036765
0.134979
-0.428617
-0.089756
-0.276997
-0.047109
-0.122948
-0.204793
0.090081
-0.053256
0.036396
-0.042635
-0.097290
-0.332567
-0.103854
0.236365
-0.061177
-0.004357
-0.160893
-0.000812
0.228015
0.129557
-0.151031
0.037557
0.013473
-0.191540
-0.095061
-0.413130
0.042021
-0.050277
-0.057501
-0.011346
0.096493
-0.203254
0.373925
-0.109870
-0.057794
-0.273669
-0.088690
-0.223726
-0.220759
-0.095584
-0.207871
-0.043580
-0.029075
0.025422
0.056292
-0.078839
0.127468
-0.140316
-0.071350
0.176514
-0.090209
-0.048049
0.121077
-0.010714
-0.080377
-0.106357
0.133421
-0.176207
-0.066421
-0.170238
0.020419
-0.174934
-0.072862
0.153378
0.012643
-0.053895
-0.112784
-0.203582
-0.147230
0.073020
0.125706
-0.191959
-0.265596
-0.231216
-0.079303
-0.225039
0.008231
-0.097986
-0.059063
-0.102262
0.045589
-0.068843
-0.006963
-0.058229
-0.291097
0.115210
-0.210557
-0.014378
-0.139264
-0.227447
-0.165892
-0.162915
0.065374
-0.090438
-0.129713
-0.001472
0.194976
-0.300338
0.124014
0.143634
-0.128630
0.105481
-0.025736
-0.074245
-0.172681
-0.096126
-0.203273
-0.090239
-0.230252
0.110865
-0.173947
-0.264809
-0.119424
-0.078574
-0.047005
-0.074144
0.096211
0.001662
0.095372
0.079515
-0.042099
-0.116125
-0.035027
-0.128970
0.179208
-0.120558
-0.190389
0.043395
-0.043208
-0.039010
0.033450
-0.062061
-0.217245
-0.101808
-0.262972
-0.046089
-0.030176
-0.230318
-0.175228
-0.155453
-0.115545
0.114367
0.003055
0.079695
0.049375
0.010239
-0.058872
0.151886
-0.071249
0.059626
-0.069534
-0.119830
-0.247150
-0.054610
0.030297
-0.430112
-0.034080
-0.246679
-0.211337
-0.190278
-0.221898
-0.117239
-0.063536
-0.081499
-0.051132
-0.206423
-0.015069
-0.166437
-0.238751
0.006682
-0.131560
0.156290
-0.148291
0.000348
-0.091975
-0.058878
0.026826
0.011032
-0.108035
0.131987
-0.115815
0.118854
-0.008345
-0.257870
0.140099
-0.095195
-0.070898
-0.048905
-0.280518
-0.013857
0.172089
-0.447101
0.055709
0.060448
0.235503
-0.288728
-0.218741
-0.370427
0.315913
-0.265586
-0.109837
-0.036898
-0.243776
-0.021754
-0.145043
-0.028250
-0.182889
-0.040920
-0.169897
-0.061913
-0.079341
-0.080425
0.125357
-0.061307
-0.117546
-0.184710
0.001679
-0.120324
-0.052247
0.002619
-0.178688
-0.195681
-0.111398
-0.134478
-0.056738
-0.163866
0.097416
-0.180406
0.084666
-0.354474
-0.066582
-0.199434
0.012301
-0.133203
0.295043
0.143539
0.079183
0.025717
0.052631
-0.140223
-0.205402
0.046414
0.067441
0.133891
-0.165495
-0.184330
-0.158574
-0.186477
0.017819
-0.381568
-0.061064
-0.033777
-0.190886
-0.061636
-0.127634
-0.175783
-0.067970
0.050756
-0.283330
-0.118455
-0.081253
-0.255231
-0.169998
-0.402690
-0.126225
-0.056408
-0.400591
-0.216636
-0.036201
-0.229188
-0.154260
0.173141
-0.659596
-0.299983
-0.162232
-0.139802
0.069380
-0.099004
-0.033477
-0.273810
-0.259151
0.045676
-0.252226
0.013111
-0.188306
-0.014984
-0.202005
0.057324
-0.132801
0.170704
-0.041568
-0.398771
-0.131043
-0.168556
-0.214742
-0.212771
-0.086100
0.039868
0.012990
-0.185387
0.166276
-0.315996
0.162864
-0.065977
-0.126316
-0.433258
-0.285226
-0.307516
0.002531
-0.276784
-0.124395
-0.250165
0.034375
-0.923568
0.111413
0.035941
0.110453
-0.309035
-0.191897
-0.120346
-0.457997
0.058991
-0.216576
-0.654867
0.301981
-0.006383
-0.080518
-0.304463
0.200136
-0.046283
0.032922
0.022803
-0.063063
-0.052738
-0.076306
-0.049639
-0.100199
-0.021190
-0.317122
0.039175
0.070257
0.048965
-0.285244
-0.571957
-0.454772
-0.065904
0.005190
-0.053794
-0.131217
0.116195
0.111411
-0.121368
-0.075289
-0.064574
-0.199888
-0.102778
0.012181
0.154351
0.010610
0.143237
-0.020553
-0.090109
-0.176518
0.098187
-0.136881
-0.181132
-0.164500
-0.167824
-0.050267
0.069115
0.177156
-0.101830
-0.052472
0.023421
0.058262
-0.125887
0.228622
0.163731
0.251911
0.058371
-0.189075
-0.102637
0.163717
0.068975
0.052931
-0.064558
0.011956
-0.017280
-0.169566
-0.016286
-0.216451
-0.004563
0.069891
-0.176906
0.273231
-0.068399
-0.486705
-0.397468
0.225189
-0.034102
0.201596
-0.166782
0.023290
-0.110913
0.142360
-0.123199
0.302372
0.059516
-0.036240
-0.378975
-0.509193
-0.035276
0.053546
-0.473901
-0.117599
0.107332
-0.229141
-0.047481
0.000306
-0.156029
-0.080858
0.047046
0.048418
-0.217782
-0.168564
-0.293428
-0.089136
-0.369892
-0.309726
-0.156653
0.055101
-0.036722
0.120165
-0.314004
-0.026987
-0.267185
0.119842
-0.052104
-0.332920
-0.194645
-0.107531
-0.039195
0.062198
-0.350034
-0.028251
0.000722
0.127613
0.149292
0.027912
-0.157171
-0.292326
0.075369
0.134613
0.045035
-0.078943
0.125079
-0.410518
-0.103760
-0.080876
-0.134313
-0.302873
0.001991
-0.114722
0.028881
0.043881
-0.067369
-0.099621
0.026960
-0.233204
-0.093971
-0.099223
-0.093337
0.076972
0.500754
0.110278
-0.016719
-0.016541
0.148815
-0.426061
-0.070309
0.119480
-0.250810
-0.452470
0.039754
-0.021017
0.143526
0.147669
-0.254418
-0.183114
-0.027430
-0.020096
-0.174668
-0.064830
-0.403814
0.188936
-0.406812
0.012636
-0.150117
-0.065311
0.027064
0.199008
-0.098264
-0.324731
-0.039925
-0.051051
-0.211922
-0.477033
-0.303886
-0.220838
0.013107
0.031713
0.016023
-0.154337
-0.101032
0.075487
0.374136
-0.130289
0.013097
-0.186304
-0.467941
-0.000592
-0.110225
-0.454019
-0.375182
-0.088255
0.024768
-0.073467
-0.173521
-0.057358
-0.211572
-0.105808
-0.288299
0.145961
-0.052289
-0.191702
-0.398063
-0.199935
-0.595468
-0.144097
-0.212241
0.032586
-0.401708
-0.039831
-0.191399
-0.357274
-0.024668
-0.361047
-0.154170
0.180738
-0.024965
0.043221
-0.080109
0.074760
-0.337409
-0.503799
0.169800
0.162343
-0.109382
-0.126211
-0.044640
-0.156085
0.098801
-0.130816
0.177157
-0.221038
-0.275446
0.176396
-0.143054
0.058536
0.178024
0.015185
0.049842
-0.440210
-0.238541
0.131908
-0.112954
-0.283684
0.029748
-0.117886
-0.099755
-0.040462
-0.282974
0.003148
-0.143737
-0.139081
0.051416
-0.101352
-0.078156
-0.002903
0.139632
-0.056393
-0.285710
-0.032661
0.086206
-0.077002
-0.052036
0.130651
-0.033015
-0.289048
0.153403
-0.025993
0.042189
0.299635
-0.179803
-0.255949
0.018677
-0.071156
0.094931
-0.243917
-0.116770
0.202389
-0.077129
-0.030091
0.116584
-0.068028
-0.049793
-0.006422
-0.083004
0.165033
0.084541
-0.258906
0.016221
-0.293838
-0.341522
-0.218843
-0.109038
-0.113621
-0.001240
-0.139008
-0.091737
-0.149422
-0.331273
-0.029088
-0.234733
0.050411
-0.215867
0.188003
-0.078631
0.112590
0.083579
-0.154816
-0.292952
-0.084948
-0.163622
-0.124271
0.026652
-0.068257
-0.115826
0.265756
0.077379
-0.188938
0.236168
-0.177228
-0.111687
-0.163294
0.052856
0.087681
0.075988
-0.252825
-0.110452
0.019266
0.130623
-0.106283
0.031729
-0.194644
-0.162989
-0.267347
0.014396
-0.211705
-0.227956
-0.154579
-0.070862
-0.150652
0.144014
-0.095275
-0.218626
0.026793
-0.190249
-0.053769
-0.014412
-0.025210
-0.175263
-0.127116
-0.341649
0.073126
-0.123315
0.163657
-0.007764
-0.249117
-0.370472
-0.061295
-0.310044
-0.176531
-0.003796
-0.053143
-0.002776
-0.062934
-0.304159
-0.024828
-0.118425
0.022035
-0.060735
0.015420
-0.060240
-0.236445
-0.075169
-0.271037
-0.266809
-0.090867
-0.030758
-0.174382
-0.315983
-0.391015
-0.020798
-0.057964
-0.464157
-0.227769
0.339027
-0.025806
-0.101902
0.001835
-0.029985
-0.202397
-0.313561
0.001615
-0.108168
0.031858
0.070407
-0.454528
-0.020590
-0.180269
0.011650
-0.304960
-0.089790
-0.098008
-0.119379
0.040275
-0.100518
-0.277977
-0.319345
-0.022040
-0.022570
-0.001388
-0.081138
-0.047064
-0.320090
-0.447968
-0.217354
-0.201482
0.051000
-0.316351
0.180443
-0.060334
-0.105987
-0.220821
0.116431
-0.155266
0.178769
0.102214
-0.196146
0.004613
-0.516096
-0.395350
-0.203981
-0.034196
-0.081367
-0.152448
-0.024448
0.105048
-0.162364
-0.133976
0.303771
-0.256871
0.079274
-0.257242
0.063709
-0.164160
-0.046525
-0.131988
-0.078907
-0.194992
-0.361092
0.071555
-0.050844
-0.045382
-0.314912
-0.229122
-0.118329
-0.006874
-0.413548
-0.172235
0.024092
-0.136055
0.029636
-0.152009
-0.065695
-0.337591
-0.018366
-0.216463
-0.168816
-0.131349
0.081942
-0.347127
-0.296486
0.246893
-0.377897
-0.113835
-0.334163
-0.133789
0.201175
0.227260
0.226097
0.012077
-0.305483
0.158540
-0.272535
0.243390
-0.302162
-0.049068
0.032468
0.246406
-0.214295
-0.107186
0.069001
0.028269
0.069454
0.098012
0.003081
-0.004670
-0.238738
-0.080560
0.046191
-0.303596
-0.108781
0.061777
-0.122405
-0.008517
-0.113631
-0.593902
-0.026375
0.044920
0.156500
-0.137378
-0.125923
-0.042021
0.025379
0.027781
-0.030061
0.103334
-0.333039
-0.085479
-0.259858
-0.108314
-0.011543
-0.158517
0.023850
-0.073516
-0.103262
-0.190263
-0.393242
-0.014619
0.099590
-0.079450
0.179708
-0.227153
0.055569
-0.099853
-0.079048
-0.133306
-0.055289
-0.004988
-0.235654
0.031074
0.064043
-0.208031
-0.193620
-0.181273
-0.021288
-0.232370
-0.118039
-0.023590
-0.067653
-0.178981
-0.107686
-0.173750
-0.288418
-0.180962
0.121840
0.100432
-0.005792
-0.230650
-0.103342
-0.184838
-0.319762
-0.269670
-0.094504
0.041295
0.004745
-0.332418
0.157774
0.003135
-0.073582
0.238796
-0.431722
-0.296793
-0.179988
-0.213336
-0.008856
-0.089113
-0.234223
0.215888
0.019988
-0.308725
-0.212987
0.080017
0.149248
-0.313453
-0.054859
0.199958
-0.510158
0.109901
-0.058207
-0.219126
-0.157271
-0.381911
-0.137943
0.039238
-0.351494
-0.260421
-0.009594
-0.098676
-0.059071
0.253748
-0.172485
-0.170620
0.059157
0.178251
-0.068680
-0.033941
-0.003288
0.165145
-0.585270
-0.212418
-0.177854
-0.063733
-0.031139
0.101613
0.018168
-0.038867
-0.228614
-0.034882
-0.176955
-0.196838
-0.391111
0.007155
0.088148
-0.401969
-0.077958
-0.296594
0.006452
-0.330595
-0.009938
-0.235071
0.085316
-0.268559
-0.259693
-0.199944
-0.031454
-0.213765
0.090863
-0.210552
-0.200617
-0.148020
-0.011030
-0.116227
0.098036
-0.466921
-0.045281
-0.610978
0.038121
-0.106303
-0.064202
-0.123797
0.068477
-0.320354
-0.363099
-0.361406
0.103666
-0.185859
-0.108828
-0.150216
-0.021758
-0.017401
-0.020307
0.109422
0.105720
-0.391200
-0.291567
-0.352361
-0.434717
-0.329915
0.074746
-0.169375
0.062956
-0.028155
-0.169863
-0.174105
0.103535
-0.039312
-0.078761
-0.131977
-0.143062
-0.147408
-0.426734
-0.119288
-0.238262
-0.282468
0.166369
-0.087258
-0.130866
0.345052
0.004288
-0.048059
0.049412
-0.175166
-0.020547
-0.173988
-0.360138
-0.294891
0.181795
-0.197723
-0.548555
-0.469669
-0.115276
0.365469
-0.155801
-0.288839
-0.425978
-0.013218
-0.264374
-0.181115
-0.480919
0.265793
-0.185856
-0.096763
-0.114253
-0.126870
0.040057
0.068966
-0.111155
-0.357909
-0.106271
-0.063361
-0.176015
-0.190789
0.006447
0.005062
0.115710
-0.042427
-0.056868
-0.317463
-0.245615
0.007074
-0.059946
-0.104361
-0.060528
-0.249556
-0.339458
-0.018185
-0.112334
-0.248510
0.022541
-0.219582
-0.172409
0.219690
-0.849617
0.001266
-0.026492
-0.004176
-0.027908
0.017604
0.075736
-0.207659
-0.181771
-0.073176
0.183478
-0.017011
-0.231013
-0.094292
-0.060225
-0.156060
-0.010996
-0.268420
-0.218808
-0.090730
-0.016185
-0.231199
-0.190522
-0.200645
-0.035173
-0.039708
0.107362
-0.216728
-0.099421
-0.139979
-0.704367
-0.135664
-0.241659
-0.266438
-0.023260
0.116326
-0.064318
0.034763
-0.358153
-0.519954
0.210949
-0.172033
-0.404016
-0.606931
-0.030799
-0.387632
-0.145725
-0.048309
-0.112774
-0.150560
-0.501859
0.055078
-0.070059
-0.023330
0.016951
-0.348711
-0.110143
-0.096396
-0.306920
-0.287250
0.013314
-0.488705
-0.057349
0.088660
0.008084
-0.305654
0.135321
-0.286721
-0.271934
-0.047534
0.048391
-0.063154
-0.127043
-0.165473
-0.046424
-0.110420
0.003465
-0.240691
-0.072967
0.086680
0.142588
0.294461
0.081846
-0.116854
-0.281515
0.283149
-0.257813
-0.091562
-0.030325
-0.238759
-0.068955
0.013343
-0.065092
0.121314
0.025810
-0.033794
0.130802
0.125216
-0.237275
0.081288
0.054292
0.000124
0.075053
-0.284585
-0.031653
-0.237760
-0.082881
-0.029127
-0.194728
-0.012430
-0.223525
-0.477155
-0.051407
-0.269585
0.059407
0.109890
-0.171113
-0.180965
0.171976
-0.245123
0.002627
0.022250
-0.064789
-0.216639
-0.111639
0.066076
0.131708
-0.039239
-0.262339
-0.080093
-0.221072
-0.122621
0.047875
0.121969
-0.003052
-0.036569
0.060999
0.008072
-0.127177
0.022759
-0.094441
0.008030
0.024987
-0.122633
-0.011286
-0.060344
0.028207
-0.186319
0.087194
-0.178515
-0.299829
0.142181
0.164079
-0.034362
0.085056
0.050066
-0.052956
0.071389
0.118363
-0.033574
-0.084139
-0.287591
0.186273
-0.068428
-0.047208
-0.053026
-0.119296
-0.021770
-0.223367
-0.026611
-0.271414
-0.144132
0.209309
-0.027035
-0.243012
0.134790
0.143036
-0.118217
-0.186123
0.078445
0.034671
0.120469
-0.155311
-0.119078
-0.394413
0.011843
-0.051880
0.152715
0.004314
0.033449
-0.269901
-0.143711
-0.098132
-0.037556
0.168381
0.122539
-0.002720
-0.158257
-0.165554
0.018378
0.023415
-0.017110
-0.267659
0.065277
0.257449
0.174673
-0.166365
0.298145
-0.034400
-0.105834
-0.128732
0.107846
0.096317
-0.057837
-0.145961
-0.263525
-0.107249
-0.267625
-0.104961
-0.442251
-0.006050
-0.307505
-0.265205
-0.026243
-0.203945
-0.189341
-0.012511
-0.056124
0.050418
0.006494
-0.162428
0.000304
-0.016502
0.007527
-0.212230
-0.141159
-0.180487
0.005145
0.024030
-0.034253
0.023924
0.063414
-0.332324
-0.047154
0.080734
-0.059058
-0.190035
-0.203139
-0.756974
0.199177
-0.113413
-0.244209
0.133000
0.060145
0.146629
-0.061369
-0.256221
-0.097127
-0.225919
0.017511
0.152229
-0.116093
0.146055
0.085150
0.007532
-0.059083
-0.088732
-0.359315
-0.114668
0.133584
-0.508549
0.123143
-0.166844
-0.244825
0.123008
-0.009986
-0.163521
0.090049
-0.137074
-0.029949
-0.110413
-0.096044
-0.037252
-0.026759
-0.242509
-0.066914
-0.207419
0.132957
-0.039655
0.011946
0.105291
0.170001
0.065396
-0.013793
-0.271311
0.135611
-0.000394
-0.026188
-0.314142
0.030377
-0.000865
-0.197557
-0.068156
0.102866
0.099885
-0.200990
0.071268
0.234407
-0.305850
-0.172152
-0.068329
-0.037423
-0.085373
0.096132
-0.254545
0.054670
-0.058643
-0.139020
-0.264852
0.213656
-0.013079
0.055459
0.013289
0.126313
0.017942
0.232119
-0.128812
-0.093181
-0.143211
-0.115705
-0.377778
0.102558
-0.311167
-0.051307
-0.036278
-0.345472
-0.085952
0.165108
0.043060
0.214807
0.142929
-0.398347
-0.075553
0.253391
-0.078353
-0.362131
-0.170095
-0.142157
-0.069098
-0.139487
-0.201776
0.138813
-0.144653
-0.258842
-0.437527
-0.032567
-0.133484
-0.098170
-0.469671
-0.175820
-0.181106
0.157669
0.135941
-0.235856
-0.057769
-0.157471
-0.039975
-0.101339
-0.020851
-0.078579
0.029470
-0.105231
0.328085
-0.112229
-0.027322
-0.091456
-0.074048
0.044040
0.307765
0.021072
-0.024640
-0.027063
-0.102740
0.058498
-0.294786
-0.186989
-0.392135
-0.556822
0.193217
-0.355297
-0.203994
-0.153369
0.102621
-0.594736
-0.035097
-0.230712
-0.122042
-0.184255
-0.064859
-0.082075
0.001132
-0.093422
-0.015902
-0.165853
-0.268420
0.184653
-0.078246
-0.356389
-0.220071
-0.277041
-0.027341
-0.169809
-0.264216
-0.045131
0.061191
-0.056861
0.045695
-0.293500
-0.165550
-0.440981
-0.214291
-0.134764
-0.143071
-0.057239
0.098595
-0.053454
-0.141879
-0.237847
-0.155135
-0.488599
-0.014969
-0.015567
-0.181761
-0.055168
-0.113743
-0.010404
-0.531474
0.003534
0.003646
0.065029
-0.214190
-0.128068
-0.156574
-0.129452
0.027929
0.175261
0.135204
-0.074028
-0.004044
-0.058786
-0.368281
-0.366370
-0.220776
0.117137
0.200015
-0.251077
-0.053728
-0.177862
0.015343
-0.004856
0.000616
-0.099334
0.031957
-0.180420
-0.376675
-0.265949
-0.018508
-0.216344
-0.182086
-0.409544
0.042278
-0.485495
-0.222942
-0.443858
-0.158486
-0.055638
-0.143341
-0.169362
-0.075521
-0.250741
-0.205511
-0.152856
-0.046760
0.014138
-0.020609
-0.144759
0.079215
0.003065
-0.005999
-0.390651
-0.252773
-0.234249
0.055449
-0.061327
0.036163
0.052641
-0.011230
-0.372535
-0.221853
-0.288789
-0.179230
0.301370
-0.139699
0.035605
-0.138096
-0.152478
0.006705
-0.415808
-0.266568
-0.269549
-0.184644
-0.320996
-0.016196
-0.436566
-0.119306
0.094387
-0.567954
-0.072361
-0.034749
-0.027831
-0.123000
0.010934
-0.034598
-0.204841
0.001002
-0.013873
-0.250145
-0.252084
-0.163770
-0.036208
0.256499
-0.070727
-0.114060
0.000040
-0.113703
-0.373331
-0.623603
0.016654
-0.031062
-0.175304
-0.061296
-0.337943
0.135664
-0.179088
0.113375
0.035806
0.126599
-0.345833
-0.065727
-0.171839
-0.216948
-0.849790
0.030005
-0.174217
-0.268602
-0.365678
-0.107670
0.243292
0.074994
-0.228222
-0.320617
0.084004
-0.251609
-0.269051
-0.147100
-0.178480
-0.106935
0.135620
-0.016882
-0.418798
-0.040142
-0.178683
-0.077457
0.011294
-0.061714
-0.229338
0.001843
0.079244
-0.338646
-0.307405
-0.106398
-0.113242
-0.144273
-0.164954
-0.060255
-0.105929
-0.266387
-0.007823
-0.209322
-0.191568
-0.035238
-0.101037
-0.079698
-0.070331
0.071350
-0.093952
0.087351
-0.066681
0.029038
-0.333079
-0.058694
0.064132
-0.135719
0.069088
0.027461
-0.454356
-0.035547
0.015096
-0.148708
-0.090800
0.070348
-0.297493
0.046459
-0.359761
-0.204100
-0.211838
-0.309211
-0.522201
0.127961
-0.189967
0.003370
-0.270426
-0.497856
0.104758
-0.029172
-0.252123
-0.135492
-0.139065
-0.164856
0.028146
-0.124292
0.007451
-0.213647
0.108275
-0.213238
0.129431
0.027699
-0.150964
-0.062936
-0.320184
-0.013949
-0.108389
-0.337130
0.085883
-0.116354
-0.039068
-0.246989
-0.139892
-0.089951
0.001707
0.180392
0.225981
-0.194425
-0.220475
-0.000541
-0.091846
0.051060
0.120682
0.030350
0.161269
-0.204591
0.150471
-0.155222
-0.114929
0.009778
0.034687
-0.322415
-0.234007
-0.164285
0.045815
0.145699
-0.189668
-0.000093
0.121673
0.243882
-0.133386
-0.078570
-0.182145
-0.207470
0.078870
-0.146798
0.154268
-0.325389
0.043562
0.079313
-0.108847
0.022644
0.126440
-0.068201
-0.045937
0.185086
-0.059980
-0.185776
0.086226
-0.211862
0.030177
-0.007172
-0.097029
-0.118964
-0.024035
-0.377890
-0.122777
0.164080
0.011965
-0.074658
-0.082490
-0.040161
0.017997
-0.629864
-0.005307
-0.003852
0.206052
0.173166
-0.293528
-0.039310
-0.121901
-0.320469
-0.152239
-0.289305
-0.002878
-0.425991
-0.102125
0.045902
-0.012063
-0.251703
-0.021836
-0.303244
-0.120272
-0.227210
-0.189859
-0.022793
0.007404
-0.167665
-0.054436
-0.164098
-0.367771
-0.183947
-0.116014
-0.074583
-0.376583
-0.050278
-0.306331
-0.285489
0.137692
-0.457683
-0.051984
-0.121840
-0.141930
0.145968
-0.028125
-0.005146
-0.001702
-0.063024
0.352129
0.020073
-0.374896
-0.247185
-0.008594
-0.122712
-0.285102
-0.362985
0.328930
-0.231136
-0.026805
0.023152
-0.000596
-0.006366
-0.030368
-0.194316
-0.179490
0.345501
-0.123725
-0.060456
-0.088715
-0.188919
-0.012460
-0.449800
-0.039972
-0.113706
0.100151
0.114427
-0.100782
-0.129680
0.221180
0.113884
0.089849
-0.153935
-0.016442
0.074862
-0.054599
0.056558
-0.273820
0.126354
-0.187438
0.159066
-0.025178
-0.242063
-0.061539
0.168094
-0.148413
0.151605
-0.178085
-0.154492
-0.168767
-0.050988
0.100893
-0.142137
-0.154031
-0.106692
-0.084614
0.038630
0.133364
-0.059469
0.247666
-0.057924
-0.078201
0.114692
0.063385
0.038008
0.147445
-0.142609
-0.114676
0.131971
0.058032
0.170010
-0.427780
-0.015957
-0.113316
0.083924
-0.014224
0.116931
0.077305
0.130084
-0.161983
0.005851
-0.172379
-0.062251
-0.069729
0.039449
0.042840
0.206016
0.143696
-0.166206
0.121719
-0.022914
-0.395409
-0.059997
-0.013316
-0.008527
-0.145338
-0.021745
-0.276475
0.109607
-0.250771
-0.000771
-0.194146
0.052406
0.045796
-0.015472
-0.443539
-0.255582
-0.124603
0.196432
-0.341080
0.009310
0.151503
-0.051105
-0.170666
-0.227083
-0.136682
0.097783
-0.006118
-0.234823
0.156783
-0.139854
-0.228141
-0.185330
-0.161575
0.090321
-0.142562
-0.096543
0.099873
-0.202391
0.017786
-0.195451
-0.094752
-0.118471
-0.031945
-0.132913
-0.112204
-0.012745
-0.228500
0.111448
-0.059966
-0.025113
0.002372
-0.266201
-0.081977
0.101912
-0.344631
0.046504
-0.015381
0.031088
0.149457
-0.064066
0.003648
-0.067503
0.111366
0.092987
-0.147090
-0.153191
0.232325
-0.179271
-0.261918
0.004055
-0.268085
-0.184206
-0.192927
-0.121078
-0.039931
0.015757
-0.072750
0.045714
0.012605
-0.119201
-0.144018
0.161401
-0.004458
0.080641
0.119401
-0.005094
0.059540
-0.115876
0.005157
-0.046451
-0.010405
0.067919
-0.127110
0.087502
0.089910
-0.207164
-0.196888
-0.248473
-0.122405
-0.190459
-0.280098
-0.016887
-0.103688
-0.069619
-0.108095
0.116734
0.168925
-0.223231
-0.124393
-0.188641
-0.014088
-0.314978
-0.055991
-0.119045
0.125524
-0.218861
-0.175883
-0.055651
0.111973
-0.168696
-0.244844
-0.145029
-0.192538
-0.069316
-0.147795
-0.195522
-0.125552
0.143941
0.216996
0.136769
-0.076615
-0.032438
-0.048057
0.076779
-0.082045
0.093988
-0.256047
-0.009376
0.210963
0.095466
-0.057196
0.035695
0.075680
-0.031608
-0.107233
-0.075526
0.000798
0.088787
-0.149314
-0.046505
0.039038
0.039967
0.008547
-0.200828
-0.410946
0.231111
-0.297132
0.017477
-0.237549
0.244631
-0.201578
-0.518136
0.108078
0.006918
0.167745
-0.054688
-0.069342
0.325856
-0.082903
-0.060552
0.002232
0.071466
0.053055
-0.139948
0.049109
0.103573
-0.007334
-0.330976
-0.170118
-0.155215
-0.019747
-0.101317
-0.057146
-0.091834
-0.222708
0.098990
-0.420168
0.080446
-0.027755
-0.028288
0.057976
0.015118
-0.038713
-0.287309
-0.140207
-0.110638
-0.124011
-0.091186
0.006966
-0.046119
-0.324973
-0.191300
0.090662
-0.162500
-0.045374
-0.280530
-0.179449
-0.216324
-0.257910
-0.164684
-0.073520
-0.126168
-0.014486
0.223045
-0.078792
0.233306
0.094045
-0.284066
-0.143762
0.033641
-0.194831
-0.262029
-0.079140
-0.062568
-0.079950
0.085103
-0.055550
-0.261305
0.099348
-0.393070
0.078212
-0.334669
-0.018889
-0.218323
-0.171812
-0.217140
0.024344
-0.203516
-0.177153
-0.034551
0.214914
-0.060407
-0.039594
-0.031964
0.096548
-0.235786
-0.017371
0.117588
-0.054954
0.112632
-0.100677
-0.370172
0.045783
0.158383
-0.071680
0.096261
0.036519
0.092047
-0.101754
-0.027902
-0.085594
0.029896
-0.012970
-0.183086
-0.224782
-0.013076
-0.333974
-0.007436
0.082628
0.085818
-0.186452
-0.298288
0.046431
0.055026
0.084297
0.034777
-0.195331
-0.134039
-0.010817
0.270028
-0.041316
-0.201479
0.061308
0.169930
-0.064432
-0.342165
-0.169081
0.190295
-0.085708
-0.184641
-0.423876
0.208514
-0.129493
-0.222541
-0.076635
-0.203762
0.119083
0.009541
-0.440944
0.061977
-0.040518
-0.085461
0.122033
-0.230046
-0.148235
0.026119
-0.030197
0.131134
-0.098260
-0.037843
-0.318719
-0.094130
-0.055103
-0.324888
-0.141854
0.031719
-0.168951
-0.204758
-0.229730
-0.043121
-0.232439
0.195463
-0.063682
0.107482
-0.244000
-0.254704
0.098758
0.074387
-0.086411
-0.076561
-0.086109
-0.143418
-0.168231
-0.122068
0.008505
0.030774
-0.179830
-0.001379
0.099913
-0.129134
0.032926
-0.171674
0.069274
0.103462
-0.021890
-0.182511
0.030423
-0.048820
0.103071
0.023316
0.061414
0.099070
-0.078242
-0.011975
-0.199347
-0.125602
-0.135580
0.089255
-0.203530
0.143847
-0.041644
-0.031555
0.097458
0.143565
-0.148784
-0.105473
0.033884
-0.204685
-0.296115
-0.307530
-0.352477
-0.016459
0.003205
-0.000406
0.021458
-0.215302
-0.312184
-0.368509
-0.169188
-0.134991
-0.199058
-0.079823
0.003570
-0.041414
0.202565
-0.322261
0.144327
-0.120198
-0.047284
-0.315331
-0.212722
0.060076
-0.201373
0.099930
0.216985
-0.027999
-0.146921
-0.091798
-0.433500
0.147859
-0.235811
-0.140807
-0.097438
-0.510557
-0.087014
0.197126
-0.102607
-0.159173
0.106234
-0.103427
-0.101731
-0.048707
-0.118992
-0.074634
-0.100075
0.008658
0.071151
0.238549
-0.316166
0.198855
-0.113257
-0.118932
0.256780
0.072437
-0.048229
0.081799
0.020442
-0.006024
-0.267868
0.044484
-0.106055
-0.218696
0.154017
0.029130
-0.055140
0.018209
0.112724
0.003590
0.285284
-0.090248
-0.314095
-0.290770
-0.175059
0.037885
-0.130475
-0.206255
-0.065537
-0.230347
-0.091339
-0.247980
-0.000045
-0.367621
-0.004811
-0.265468
0.048632
0.016687
-0.128118
0.216979
-0.033450
0.121915
-0.063220
-0.177438
-0.131612
-0.258549
-0.039320
-0.283338
-0.153385
-0.231142
-0.277447
-0.253049
0.024036
-0.090987
0.147904
0.036593
0.096218
-0.037346
0.028054
-0.004320
-0.122751
-0.504444
-0.001376
-0.273190
0.089069
-0.281740
-0.009217
-0.324539
-0.175943
-0.084466
-0.118780
-0.365696
-0.130378
-0.121494
-0.132523
-0.042086
-0.172047
0.013100
-0.033163
0.018256
0.151433
0.019009
-0.061468
-0.050268
-0.017818
-0.021746
-0.240699
-0.190711
-0.598571
-0.218761
0.125843
-0.365807
-0.048035
-0.020880
-0.296394
-0.160167
-0.100606
-0.097346
-0.383519
0.048803
-0.272433
-0.093399
-0.071395
-0.015595
-0.178709
-0.175825
-0.404412
-0.195537
-0.202277
-0.047133
-0.160776
-0.170640
-0.420166
0.115488
0.098917
-0.090567
-0.404923
-0.263942
-0.249182
-0.184090
0.019785
-0.024683
-0.216649
0.020666
-0.187374
-0.215225
-0.141048
-0.012878
-0.177422
-0.553056
0.352016
-0.491998
-0.159022
-0.027193
-0.047843
-0.444737
-0.232028
-0.265071
-0.343575
-0.104453
-0.060547
0.067232
-0.119920
-0.315903
0.143801
-0.250657
-0.208749
0.419603
-0.434243
-0.203829
-0.326945
-0.414721
-0.328385
-0.536576
-0.344874
-0.021209
-0.346873
0.208098
-0.339527
0.264565
-0.162981
-0.331909
0.155892
0.106449
-0.332644
-0.537450
-0.017813
-0.094731
0.091845
-0.372129
-0.359422
-0.449092
-0.187077
0.167193
0.145015
-0.462459
-0.306427
0.016622
-0.280860
0.060908
-0.223465
0.153676
-0.435204
0.064907
-0.290840
0.149621
0.178409
0.131900
0.069612
0.344283
-0.070070
-0.077822
-0.616529
0.260488
0.081098
-0.102906
-0.090378
0.040790
-0.107287
-0.144237
-0.452706
-0.440556
0.178539
-0.001152
-0.031568
0.138628
0.042048
-0.362530
-0.017120
-0.193686
-0.078551
-0.189408
-0.145211
0.159988
0.030543
-0.045538
-0.173374
0.049794
0.041756
0.176534
-0.062485
-0.129697
-0.275488
-0.624025
-0.016288
0.156454
-0.604711
-0.298029
0.086798
-0.486728
0.019842
-0.195469
0.002991
0.142685
-0.091779
0.059470
-0.520681
-0.002966
-0.430180
-0.012955
0.017907
-0.140491
-0.198630
0.321858
0.009441
-0.346462
-0.121620
-0.054701
-0.125645
-0.042827
0.124033
0.093235
0.095484
-0.369737
-0.592801
-0.438571
-0.014474
-0.712853
-0.301520
-0.173046
-0.225064
0.098317
-0.458761
-0.160045
-0.199903
0.148922
0.042279
0.021281
-0.061580
-0.267850
-0.177669
-0.194471
-0.336856
0.238937
-0.023111
-0.077997
-0.303140
-0.015129
-0.211026
-0.301480
0.044533
0.219247
-0.877690
-0.159379
-0.088504
-0.041143
-0.165128
-0.064750
-0.357454
-0.209684
0.157996
0.123060
-0.340809
0.194314
-0.512139
0.335146
0.138896
-0.034078
0.084048
-0.149434
0.215155
0.056734
-0.155949
0.142926
-0.613738
-0.113999
-0.065658
0.074206
0.105377
0.129798
0.090432
-0.084431
-0.270560
-0.131821
-0.174271
-0.016686
-0.006376
0.051243
0.228196
0.007802
-0.025837
-0.328436
-0.155721
0.189757
0.179097
0.333627
0.116951
-0.152403
-0.273770
0.018181
-0.552508
-0.097304
-0.310739
-0.361713
-0.002415
-0.181199
-0.234993
-0.285985
0.023378
-0.197088
-0.134117
-0.093763
0.005928
-0.172735
0.083954
-0.344776
-0.174390
-0.205726
-0.331961
-0.102997
0.161699
-0.232912
-0.249581
-0.089854
-0.247536
0.009857
0.053636
-0.239450
-0.293631
0.050167
-0.130328
-0.115577
-0.133659
0.280047
0.094705
-0.155150
-0.123587
-0.141020
0.010161
-0.170419
-0.383638
-0.082745
-0.034868
-0.028222
0.197772
0.266807
-0.045461
-0.135798
-0.145092
0.051071
0.158857
-0.156546
-0.037500
0.110205
-0.060782
-0.150300
-0.114719
-0.036835
0.011783
-0.220712
0.109762
-0.213572
-0.004541
-0.098344
-0.171429
-0.413856
-0.161093
-0.073587
0.087241
-0.024979
-0.002002
-0.031212
-0.216552
-0.186237
0.029832
-0.152075
0.058243
0.149940
0.013159
0.003801
-0.150040
-0.103017
-0.012189
-0.011699
0.277029
-0.035494
-0.257019
-0.052024
0.064078
-0.123792
0.099545
-0.157608
0.102870
0.084114
0.005889
0.058573
-0.285841
0.165976
0.066382
-0.020372
-0.294447
-0.093358
0.055133
-0.145231
0.024325
-0.299337
-0.092722
0.030872
0.080526
0.114597
0.124711
0.110354
-0.132606
-0.599998
-0.172084
0.087702
0.110982
-0.239025
-0.352454
0.130621
-0.278977
-0.082624
0.003851
-0.123275
-0.431016
-0.232369
-0.339634
-0.207406
-0.143095
-0.171018
-0.049066
0.005785
-0.066043
-0.214836
-0.397862
-0.438329
-0.052004
-0.175900
-0.231450
-0.145482
0.083443
0.093925
-0.173112
-0.156812
-0.088383
0.119313
-0.124310
-0.123763
-0.009518
-0.032113
-0.133684
-0.117675
-0.085531
-0.254930
-0.408526
-0.230713
-0.411805
-0.228196
-0.042621
-0.024035
-0.010461
0.008984
-0.213680
0.127381
-0.049734
-0.060663
-0.022667
-0.186870
0.147816
-0.020437
-0.007548
-0.047838
-0.225656
-0.207241
-0.106702
-0.061924
0.078120
-0.242850
-0.075477
0.229361
-0.153841
-0.137697
0.030110
-0.113311
0.201663
-0.376135
0.110128
0.029684
-0.182091
0.002795
-0.264780
0.217350
-0.111789
-0.097785
0.064196
-0.201953
-0.146826
-0.246597
0.128243
-0.308602
0.041599
0.088621
0.049322
-0.376528
0.068872
0.050992
0.150740
-0.028549
0.113265
-0.088441
0.049758
-0.283198
0.017361
-0.308089
-0.122338
-0.122092
-0.320436
-0.091197
0.098205
0.116457
-0.013007
0.032511
0.116487
-0.050554
-0.023725
-0.229342
-0.054614
-0.209547
0.137300
-0.029195
-0.360776
-0.153518
-0.097873
-0.058015
0.260834
0.166253
-0.189270
-0.051382
-0.157375
-0.078449
-0.099245
0.142890
0.119664
-0.133531
0.112039
0.000081
0.043211
-0.045931
0.015198
-0.283310
-0.213141
-0.146546
-0.009442
-0.155637
0.187865
0.073783
-0.092757
0.123813
-0.192373
-0.162005
-0.228339
-0.154930
-0.309003
0.115894
0.005205
0.277512
-0.078790
0.175395
-0.149001
0.098252
-0.224443
-0.175104
-0.041650
-0.028518
0.023248
-0.253847
-0.093996
0.049455
-0.074485
-0.323948
0.082164
-0.068015
-0.163196
0.015886
-0.161705
-0.172532
-0.276565
0.259504
0.285906
0.015267
-0.159932
0.075922
-0.022222
-0.041380
0.157717
0.016542
-0.112604
-0.387346
-0.058913
-0.023863
-0.088086
-0.128832
-0.235726
-0.072989
-0.090581
-0.317658
-0.180026
-0.597407
-0.410945
-0.041704
0.083336
-0.312073
-0.117771
-0.020598
-0.166526
-0.195940
-0.187968
-0.474052
-0.077275
-0.054773
-0.040668
-0.023182
-0.026934
-0.343166
-0.002681
-0.121521
-0.065410
-0.103767
0.357811
-0.049473
-0.253867
-0.165706
-0.133417
0.079935
-0.297818
0.134813
-0.066110
0.196369
0.157816
-0.234063
-0.072362
-0.128505
-0.147753
-0.441226
0.183557
-0.345178
-0.006398
-0.184405
0.013329
0.066421
0.152001
-0.201824
-0.189208
-0.215861
-0.106509
-0.491814
-0.185036
-0.075039
-0.062140
0.152038
0.027006
-0.447588
0.089372
-0.067541
0.208623
-0.314217
-0.021463
-0.199210
-0.374601
-0.038969
0.229102
-0.141638
0.469773
0.029152
-0.035011
0.241896
-0.108557
-0.126769
-0.010670
0.102408
-0.093837
-0.368880
-0.217739
-0.003463
-0.036875
0.062305
-0.228669
-0.042424
-0.203821
-0.248159
-0.035404
-0.218781
-0.404756
-0.045470
0.047324
-0.273944
0.152918
-0.114642
-0.202998
-0.093806
-0.150448
0.010894
-0.051725
-0.073066
0.050888
-0.078310
-0.566298
-0.037086
0.067754
0.052654
-0.215732
-0.127697
0.006206
-0.257315
-0.158574
-0.215817
0.108062
0.076552
0.223956
-0.198836
-0.009023
0.030203
0.151116
-0.540902
0.075031
-0.197139
-0.076221
0.086310
0.092952
0.007113
-0.043152
0.223416
-0.182191
-0.074782
0.102628
-0.100873
-0.078494
-0.372826
0.071281
0.264353
-0.060846
-0.232991
-0.057515
-0.347401
-0.267423
0.045724
0.090207
-0.235819
-0.078745
0.074086
-0.144272
-0.259067
-0.093211
-0.241825
-0.086708
0.348041
-0.224566
-0.330850
0.016025
0.112333
-0.115009
-0.225794
-0.131570
-0.155639
-0.112386
-0.309594
-0.161177
-0.199465
-0.020928
0.030147
-0.263097
-0.440831
-0.035000
0.313147
-0.237550
-0.111810
-0.239484
0.002793
0.171659
-0.087467
-0.246188
-0.262399
-0.404764
0.118381
-0.402320
-0.421485
-0.012388
0.084949
-0.084392
-0.118942
0.204671
-0.072028
0.131534
0.005557
0.057686
-0.293218
-0.012977
-0.077273
-0.221739
-0.070962
-0.009075
-0.257478
-0.195047
0.234676
-0.346283
-0.243301
-0.123479
-0.407951
-0.118399
-0.146006
0.187943
0.076650
-0.472166
0.031453
0.050900
0.005767
-0.192452
-0.115446
-0.181305
0.039013
-0.272261
0.029792
-0.027873
-0.223793
-0.280268
-0.199621
-0.113420
-0.045654
-0.023120
-0.116999
0.003712
0.095757
0.070403
0.207640
-0.138350
-0.220039
-0.059095
-0.332777
-0.107023
-0.162230
0.114674
0.017769
-0.077249
0.025234
-0.286867
-0.201207
0.029051
-0.212392
-0.046533
0.046396
-0.142616
-0.044732
0.010183
-0.049990
-0.360561
-0.114616
0.052746
-0.046267
-0.063675
-0.271153
-0.330121
-0.050888
-0.385547
-0.160580
-0.422444
-0.566013
-0.244401
-0.168214
-0.256694
-0.168843
-0.475244
-0.114586
-0.231606
0.113322
0.038858
0.137097
-0.140229
-0.046198
-0.144893
-0.185528
-0.327672
-0.221019
-0.219797
0.057712
0.033280
0.019094
-0.235372
-0.210817
0.146952
-0.414667
-0.154796
0.068354
-0.052103
-0.188043
-0.118080
-0.133784
0.103022
0.224044
-0.000108
-0.169402
-0.145438
-0.011540
-0.035317
0.003024
-0.231101
-0.160557
-0.221159
0.161592
-0.164697
-0.141423
-0.224705
-0.189253
-0.119467
-0.071465
-0.149780
-0.406045
0.004747
-0.162809
-0.184738
-0.223310
-0.125292
-0.004114
-0.137907
-0.174478
-0.179324
0.123542
-0.289684
-0.185178
-0.197807
-0.194558
0.020121
-0.123277
-0.195885
-0.077894
-0.137929
-0.033380
0.010877
-0.081940
0.102367
-0.265292
0.005279
-0.048774
-0.036270
-0.062431
-0.299338
-0.157708
-0.160149
0.082933
-0.145633
-0.012113
-0.171581
-0.203458
-0.103505
-0.241613
-0.232224
-0.195027
-0.067457
-0.097137
-0.204557
0.109831
-0.109056
-0.126660
-0.083169
-0.183365
-0.036830
0.034403
-0.110240
0.217392
0.107812
-0.129819
-0.184003
0.137522
0.001580
-0.195044
-0.022989
-0.068032
-0.133907
-0.296449
-0.222049
0.163429
-0.282470
0.070338
-0.236255
-0.155593
-0.354965
-0.078331
-0.251208
-0.030807
0.129146
-0.040923
-0.237694
-0.304704
-0.101989
0.189910
-0.098233
-0.324647
0.049602
-0.104863
-0.201595
-0.135271
-0.281956
0.036030
0.033553
-0.207673
-0.158130
-0.098309
-0.061767
0.195740
-0.054120
-0.383447
0.182845
0.077540
0.075554
-0.029667
0.105260
-0.058692
-0.055186
-0.222799
-0.043756
-0.068801
-0.346220
-0.115599
-0.355435
0.032996
-0.116736
-0.289128
-0.204010
0.001947
-0.221550
-0.366388
-0.010000
-0.195526
0.112406
0.073316
-0.296854
-0.403258
-0.230428
-0.023728
-0.283297
-0.160523
-0.451226
-0.012400
-0.292099
0.197834
-0.056181
-0.008171
-0.045160
-0.202324
-0.286774
-0.035041
-0.019078
-0.213819
-0.088459
-0.168913
-0.251782
-0.004347
-0.053235
-0.471719
-0.185204
0.155572
0.185283
-0.133520
-0.039231
-0.202417
-0.173747
-0.287095
-0.322491
-0.136966
-0.258956
-0.066544
-0.244776
0.124670
0.039859
-0.204689
-0.168653
-0.069199
-0.130515
-0.126158
-0.111057
-0.164036
-0.556521
-0.469013
0.043692
-0.059238
0.058152
-0.191945
-0.270622
0.042904
-0.239608
-0.012328
0.036866
0.007515
-0.036748
-0.195143
-0.313026
-0.132674
-0.153831
-0.260144
-0.427358
-0.568639
-0.125806
0.093324
0.129429
0.055782
-0.235357
-0.077332
0.051409
-0.170202
0.244553
0.018912
-0.225617
-0.063449
-0.030164
0.065787
0.036707
-0.077231
0.002021
-0.151203
-0.059434
-0.035335
0.063860
-0.138573
0.187661
0.028276
-0.113455
-0.073768
0.088514
-0.096409
-0.046819
-0.233680
-0.241590
-0.023399
0.068882
-0.013237
-0.090429
-0.031379
-0.240084
0.095711
-0.037194
-0.038123
-0.361104
-0.201306
0.061556
0.123123
-0.353267
0.029228
-0.177888
-0.260637
-0.000645
-0.309722
-0.072943
0.083927
-0.183126
0.128520
-0.038508
-0.136331
0.044179
0.039503
-0.221367
0.142186
0.087550
-0.225212
-0.192696
-0.015098
-0.162191
-0.004700
0.002822
0.014143
-0.203359
-0.129735
-0.051235
-0.006114
-0.312883
-0.035949
0.075917
0.103032
0.144799
0.037856
0.003197
-0.230475
-0.316101
-0.053970
-0.148415
0.014396
0.141317
0.074568
-0.010071
-0.102672
0.014209
-0.172572
-0.521910
-0.145056
0.008520
-0.374157
-0.118311
0.014720
0.047509
-0.145301
-0.069922
-0.166049
-0.120496
-0.134710
-0.049223
-0.014714
0.166947
0.077974
0.030383
0.006879
-0.104252
-0.290662
-0.179702
0.079841
-0.142250
-0.074127
-0.200102
-0.080662
-0.397781
-0.102719
0.007339
-0.120525
-0.197218
-0.210749
-0.188296
0.087385
-0.102276
-0.114721
-0.131438
0.131325
-0.327833
0.031465
0.047323
-0.294307
-0.442448
-0.160251
-0.033476
0.123364
-0.298626
-0.243400
-0.069715
-0.014093
-0.219968
-0.055076
-0.095092
-0.050118
-0.118152
-0.309319
-0.047537
-0.178122
-0.015274
-0.206328
-0.223032
-0.214495
-0.111887
0.095645
0.128704
-0.208384
-0.063693
-0.079728
-0.195944
0.152522
-0.322751
-0.244793
-0.255613
0.157452
-0.335121
0.174440
0.086744
-0.104787
0.063376
-0.129545
-0.134695
-0.050610
-0.099457
-0.065045
0.127609
-0.194826
-0.011745
-0.041063
-0.215916
-0.184643
-0.519071
-0.010541
-0.083781
-0.016865
-0.224662
-0.141576
-0.047083
0.041389
-0.085844
-0.146590
-0.171941
-0.309535
-0.340053
-0.074467
-0.261665
-0.021022
-0.053795
-0.033100
-0.335682
-0.035984
-0.067428
0.061995
-0.053910
0.139180
-0.096010
0.110537
0.038491
-0.139723
-0.232402
-0.210343
-0.298414
-0.280311
-0.064131
-0.035816
-0.455046
0.240177
-0.173714
-0.288096
0.068866
-0.076403
-0.070582
-0.236214
-0.026591
-0.471758
-0.043167
-0.396392
0.058825
-0.132468
-0.280442
0.010933
0.094208
-0.004058
-0.184902
-0.097837
-0.395717
-0.492450
-0.125657
0.050969
-0.180048
-0.121271
-0.218866
-0.226284
-0.223290
0.334957
0.063146
-0.252629
-0.102072
-0.127246
-0.202235
-0.007909
-0.148097
-0.205161
-0.025219
-0.030397
0.204991
0.074571
-0.063403
0.277369
0.071882
0.181899
-0.204565
-0.179473
-0.124743
0.132178
-0.020785
-0.011857
-0.050897
-0.050324
-0.387602
-0.188102
0.061848
0.043199
-0.011272
-0.078520
-0.101472
-0.158050
-0.241053
0.010830
0.027194
0.282482
-0.207963
0.218883
-0.096929
0.074000
-0.127411
-0.048878
-0.060628
-0.487055
-0.541655
0.217457
0.214419
0.068090
-0.052945
-0.256761
-0.024128
-0.331476
-0.044742
-0.070554
-0.075417
-0.214445
0.226205
-0.147442
-0.112295
0.108093
-0.263744
-0.009366
-0.036519
0.158902
-0.119515
-0.329738
-0.292103
-0.206394
-0.266122
0.024163
-0.149006
-0.122430
-0.116926
0.010875
-0.113588
-0.280704
-0.107049
-0.104961
-0.100140
-0.398389
-0.085485
-0.078418
-0.219076
-0.055834
-0.126801
-0.021035
-0.179816
0.013704
-0.012069
-0.008299
-0.019468
-0.127487
-0.346000
-0.043422
-0.217374
0.106190
-0.060553
-0.246219
-0.314966
-0.065747
-0.126681
0.070064
-0.042654
-0.198658
-0.150362
0.016667
0.060952
-0.167108
-0.093455
-0.093466
-0.261381
0.084854
-0.041436
-0.218806
-0.128200
0.061235
0.133747
0.009923
-0.136453
-0.299288
-0.449115
-0.132572
-0.144924
0.170237
-0.013020
0.072151
-0.390063
0.105166
-0.382971
-0.129523
-0.040227
-0.229958
0.018927
-0.226908
-0.035077
-0.011907
-0.256113
-0.127356
-0.313987
-0.319640
-0.039254
0.223412
-0.010857
-0.237162
0.060494
-0.128393
-0.071470
0.048411
-0.007849
0.025206
0.026772
0.084895
-0.409300
-0.358253
-0.056677
0.111492
-0.096742
0.028711
-0.065144
-0.085151
-0.180865
-0.153178
0.014018
0.005130
-0.186021
-0.252013
-0.219259
-0.229512
-0.296076
0.138756
-0.032845
-0.002638
0.146086
-0.088122
-0.245823
0.078121
-0.123547
-0.119548
-0.011597
-0.248456
-0.318926
-0.126708
-0.098904
-0.066291
0.016516
-0.266534
-0.271329
-0.116776
-0.349290
-0.006721
-0.142103
-0.224404
0.186248
-0.166404
-0.240913
-0.105343
0.077834
0.116973
-0.114635
-0.071157
-0.161488
0.041423
-0.259420
-0.167830
-0.241987
-0.158615
-0.125680
-0.156098
-0.273178
-0.039495
-0.027628
0.172060
-0.233729
-0.110078
0.034598
-0.016949
-0.133715
-0.070461
0.110625
-0.230502
-0.089856
0.015252
0.032314
-0.137480
0.036726
-0.142543
-0.038004
-0.241582
-0.066624
-0.422072
0.086837
-0.056711
-0.182484
-0.051296
-0.311501
-0.090649
-0.103361
0.069643
-0.102868
-0.168484
-0.183473
-0.096537
0.168393
-0.088536
-0.048053
0.030356
-0.170318
-0.098271
-0.016915
-0.182952
-0.318871
0.077033
-0.219089
0.032457
0.096404
-0.059309
-0.337867
-0.613342
-0.003030
-0.098690
0.079133
-0.164383
-0.218014
-0.079199
0.010848
-0.034829
-0.172444
0.226965
0.024697
-0.055092
-0.179818
0.077287
0.199370
-0.117477
-0.063871
-0.053655
-0.007800
-0.208602
-0.081929
-0.305819
-0.025268
-0.212886
-0.074458
-0.374746
0.033994
-0.064809
-0.295045
-0.020126
-0.226901
-0.026646
-0.204953
-0.210599
-0.063605
-0.101247
-0.101078
-0.009937
-0.071872
-0.040911
-0.243675
-0.305280
-0.061359
-0.211858
-0.085111
-0.068568
-0.167449
0.166006
-0.252277
0.042414
-0.100842
0.222370
-0.023050
-0.079067
-0.071803
-0.347787
-0.183424
-0.049383
-0.011422
-0.280929
-0.180354
0.014190
-0.088431
-0.082303
-0.141433
0.031283
0.035976
-0.014472
-0.104798
-0.083838
0.065222
0.148994
-0.129432
-0.218050
-0.136314
0.050133
0.101533
-0.036475
-0.160094
-0.088705
-0.003518
0.037239
0.076872
-0.086053
-0.205011
0.006807
-0.086325
0.030715
-0.085392
-0.248605
-0.117739
-0.149866
-0.113587
-0.282179
0.027566
0.095569
0.068577
-0.299984
-0.372193
-0.202637
-0.056289
-0.136160
-0.178967
-0.157795
-0.279789
-0.039876
-0.192747
-0.136720
-0.163447
-0.198981
0.057227
0.040071
-0.222708
0.014563
-0.157128
0.066789
-0.292907
-0.023469
0.045494
-0.108823
-0.168133
0.022002
-0.160479
0.117196
-0.105940
-0.075306
0.135184
-0.332346
-0.090271
-0.026473
-0.086401
-0.049118
0.062945
-0.356168
-0.066889
0.027064
-0.171731
0.054651
-0.018717
0.068679
0.093945
-0.160371
0.103738
-0.001281
0.052807
0.074806
0.038662
0.076933
-0.096901
-0.059927
-0.129592
-0.145896
-0.137619
-0.163091
-0.006768
-0.438481
-0.186286
-0.202075
-0.246073
-0.090714
-0.133474
-0.163823
-0.007667
0.084732
-0.110847
-0.181223
0.009829
0.083941
-0.058920
-0.276381
0.006653
0.020075
-0.245212
0.054760
-0.210581
-0.153469
-0.378246
0.071044
-0.012219
-0.167189
-0.077640
-0.097377
0.061068
-0.088949
0.048104
0.025930
-0.608855
-0.244669
0.054530
-0.212985
-0.056719
0.207869
-0.230019
-0.108694
0.061028
-0.084626
-0.305134
-0.236424
-0.201311
0.060933
-0.028673
0.075912
-0.220190
-0.118418
-0.159727
-0.073575
-0.007882
-0.031319
-0.205786
-0.214297
-0.106449
-0.339050
-0.159676
-0.019740
0.250958
-0.118738
-0.678427
-0.060040
-0.029390
-0.110963
-0.517832
0.129352
-0.027620
-0.157282
-0.094579
-0.245679
-0.425912
-0.316302
-0.040436
-0.254316
-0.187728
-0.062843
-1.017085
-0.217750
-0.262747
0.004018
-0.372908
-0.204635
0.003013
-0.267422
-0.038250
-0.134024
-0.365977
-0.273895
-0.222800
-0.166510
0.145458
-0.067936
0.069688
-0.274211
-0.402235
-0.001075
-0.637600
-0.379041
0.076352
-0.421683
-0.053220
0.098897
-0.164323
-0.571530
-0.155553
-0.017328
-0.183089
-0.235396
-0.053494
-0.233309
-0.083423
-0.448208
-1.238620
-0.651331
-0.349903
-0.177498
0.032392
-0.405342
-0.304655
-0.168533
-0.094413
0.058748
-0.122429
-1.081123
-0.161932
-0.526893
-0.169560
-0.150401
-0.170780
-0.359337
0.041131
0.064267
-0.225355
-0.268254
-0.114131
-0.162157
-0.564612
-0.060087
0.078207
-0.083526
-0.093753
0.002139
-0.386065
-0.621296
-0.000619
-0.151442
-0.132695
-0.117003
-0.173560
-0.093315
-0.087128
-0.234367
-0.560998
-0.224045
-0.171215
0.145834
-0.086722
-0.153595
-0.021568
-0.292958
-0.288259
-0.071665
-0.461501
-0.057985
-0.263595
-0.084772
-0.192377
-0.051398
-0.234039
-0.092356
-0.183376
-0.660166
0.096730
-0.097956
-0.126617
-0.112749
-0.468740
-0.354872
-0.069264
-0.185502
-0.131657
-0.032507
-0.391239
0.129293
0.011739
-0.147261
-0.237421
-0.007032
-0.278615
-0.152215
-0.129884
0.039893
0.174115
-0.041188
-0.087352
-0.194938
-0.154957
-0.056164
0.112414
-0.152656
0.096695
-0.494757
-0.030548
-0.005497
-0.383399
-0.295308
-0.362999
0.070552
-0.045634
-0.207099
-0.425905
-1.432551
-0.013681
-0.079869
-0.317701
-0.360319
-0.166346
-0.125977
-0.118334
-0.074811
0.216347
0.007321
-0.340348
-0.171174
-0.551508
-0.290672
-0.045311
-1.065589
-0.484170
-0.113050
0.039651
0.036617
-0.073915
-0.485231
0.120395
0.091226
-0.188575
-0.097956
-0.002351
0.217547
-0.187628
-0.056639
0.015281
-0.281885
-0.730922
-0.079298
0.000443
-0.143853
0.038688
-0.032319
0.250131
-0.082315
-0.038913
-0.108911
-0.362641
-0.060306
-0.133510
-0.575967
0.026832
-0.120040
-0.193439
0.097384
-0.082134
-0.270188
-0.005737
-0.178338
-0.169065
0.126801
-0.116243
-0.020548
-0.487717
0.011411
-0.086716
-0.065149
0.307036
-0.419607
-0.195151
-0.110143
-0.135699
-0.190408
-0.219541
-0.060756
-0.023443
-0.452253
-0.047706
-0.059403
0.129149
-0.037459
-0.158254
-0.239230
-0.002454
0.089661
-0.323895
0.046377
-0.284140
0.103391
-0.450533
-0.323992
0.152303
-0.083501
-0.089288
-0.249226
-0.383004
-0.327742
0.115348
0.068644
-0.401301
-0.222997
0.086920
-0.358732
-0.156018
-0.039324
0.072808
-0.191778
0.199736
-0.110481
-0.099001
-0.114179
-0.000937
0.079562
-0.201364
-0.161709
-0.332107
-0.361511
-0.182212
-0.125743
-0.590776
0.036761
-1.191973
-0.157787
0.143279
-0.178022
0.078513
-0.247438
-0.092910
-0.188049
-0.360574
-0.125101
-0.395603
0.063956
-0.153255
0.020367
-0.139230
-0.303882
-0.321228
-0.165004
-0.138295
0.195560
-0.130315
-0.036949
0.069211
-0.015634
-0.022050
-0.314682
-0.295913
-0.114692
-0.296360
-0.095261
0.223999
-0.173413
-0.201020
0.100675
-0.267960
-0.242356
-0.039150
0.180831
-0.262084
-0.272838
0.015050
-0.148940
-0.197260
-0.260424
0.197586
-0.114735
-0.212455
-0.158769
-0.176379
-0.006782
0.040214
-0.350474
-0.143150
-0.023812
0.024841
0.096250
-0.311103
-0.294435
-0.112308
-0.369060
-0.058211
-0.075609
-0.150182
-0.120771
-0.163605
-0.011256
-0.192649
0.107039
-0.166710
0.049491
-0.031315
0.004742
-0.126310
-0.048614
-0.232271
-0.335680
-0.047074
-0.087469
0.073048
0.036611
-0.057517
-0.006014
-0.265308
0.145446
-0.292350
0.138487
-0.063961
-0.226897
-0.102696
0.004351
-0.032512
0.276095
0.010448
0.036797
0.089319
-0.042880
-0.258630
-0.167449
-0.092606
-0.247179
-0.094304
-0.273246
-0.142993
-0.173248
0.122393
-0.165899
-0.331303
-0.575296
0.051981
-0.331241
-0.013123
-0.139189
-0.182864
-0.337465
0.042134
-0.227532
0.085446
0.087184
0.096048
0.090351
-0.092919
0.056039
-0.217788
-0.329238
-0.035306
-0.016075
-0.264835
-0.094446
-0.191108
0.084344
0.115172
-0.239569
0.100945
-0.301827
-0.121411
0.024913
-0.199435
-0.070845
0.052838
0.183598
-0.261772
0.152920
-0.274545
0.069295
-0.122254
-0.038128
-0.079477
-0.043247
-0.188752
-0.146931
-0.078553
-0.355160
-0.234464
-0.179304
-0.091913
0.221704
-0.021039
-0.055878
0.017317
-0.326869
-0.251980
-0.118906
-0.010615
-0.011451
0.079232
-0.048437
-0.210599
-0.161739
-0.044303
0.071387
-0.070590
0.136941
-0.358324
0.037686
0.095160
-0.176289
-0.245439
-0.196331
0.039050
0.034299
-0.136487
-0.209027
0.097886
-0.044423
-0.149443
0.149945
0.007520
0.167031
-0.040101
-0.093846
-0.118852
0.041816
-0.101553
-0.071128
-0.067935
-0.187769
-0.128994
-0.225821
-0.032226
0.105478
0.009596
-0.241434
-0.166558
-0.071208
0.166570
-0.238753
0.091026
-0.338820
0.109677
-0.186568
-0.232864
-0.109453
-0.008124
-0.082353
0.177420
0.267151
0.036450
0.070878
0.014496
-0.399831
0.114610
-0.031971
0.056864
-0.196416
-0.122494
-0.236417
-0.022512
0.222725
-0.231790
-0.054615
-0.125586
-0.092705
-0.008582
0.008878
-0.048467
-0.199401
0.129873
0.132011
-0.274548
-0.095089
-0.183635
0.044844
0.032846
0.000771
-0.023431
-0.007606
-0.061488
0.096165
-0.231808
-0.256920
0.023037
0.164726
-0.301209
-0.044564
0.092405
-0.079648
-0.226230
-0.150864
-0.191079
0.066573
-0.044558
-0.164256
-0.146152
0.121945
0.026948
-0.030433
0.055906
-0.264563
-0.154690
0.055256
0.169907
-0.123448
0.176344
-0.142727
0.121005
-0.234319
-0.106496
0.135841
-0.135914
-0.119794
0.176106
0.035076
0.112933
-0.219894
-0.158553
-0.058089
0.028563
-0.036169
-0.015893
-0.168438
-0.154935
-0.001203
-0.211944
0.124202
-0.172181
-0.205172
-0.019129
-0.107323
0.115097
-0.187301
0.040480
-0.119862
-0.164452
-0.243858
-0.095791
0.124518
-0.030596
-0.145751
-0.008852
-0.046812
-0.239370
-0.130078
0.182963
-0.262848
0.136972
0.009426
-0.058084
-0.131819
-0.081882
0.038280
0.014525
0.098586
-0.194487
0.070938
-0.101372
-0.066701
-0.173420
0.218914
0.206929
0.205661
-0.182395
0.053162
0.006385
-0.049022
-0.201787
0.046994
-0.256427
-0.362598
-0.217181
-0.070744
-0.164525
-0.179268
-0.180748
-0.336226
0.034482
-0.172892
-0.274563
-0.076453
-0.161176
-0.145542
0.072181
-0.076179
-0.076210
-0.038334
-0.344626
-0.235415
-0.098206
0.218788
-0.073307
-0.487988
-0.022693
-0.504591
-0.193953
0.159383
-0.242618
-0.307466
-0.034121
-1.583280
0.120905
0.071676
-0.159529
-0.188292
-0.160028
0.073104
-0.167940
-0.216337
-0.056052
-0.270257
0.003204
-0.209017
-0.257233
0.120090
-0.121295
-0.157689
0.035659
-0.126709
-0.239022
-0.029630
-0.005564
-0.424490
0.068879
-0.061124
-0.261877
-0.411450
-0.130435
-0.256791
0.118077
-0.195308
-0.119000
-0.225889
0.167634
0.125467
-0.252100
-0.183446
-0.165387
-0.138012
-0.302490
-0.301130
-0.051701
-0.052640
-0.530275
-0.232131
-0.425229
-0.063898
-0.607033
-0.995046
-0.126056
-0.379418
-0.019070
-0.072056
-0.037688
-0.064742
-0.182283
-0.052551
-0.222083
-0.284079
0.105332
0.036948
-0.186289
-0.293410
-0.181070
-0.283126
-0.184369
-0.279811
-0.110656
0.032670
-0.317938
-0.110711
-0.223315
-0.397732
-0.029663
-0.383777
0.034914
-0.038491
-0.113228
0.166587
-0.116569
0.043034
0.081857
-0.059653
-0.311067
-0.132699
0.040448
0.087691
-0.142474
0.166821
-0.226176
0.025963
-0.216100
-0.118570
-0.116771
0.108638
0.101621
0.014126
-0.069649
-0.039473
-0.014544
0.037259
-0.424764
-0.211536
0.097828
-0.220014
-0.289740
-0.067973
-0.131938
-0.154224
-0.152090
-0.011398
0.070864
0.052622
0.017815
-0.233141
-0.105205
0.256640
0.180914
-0.065180
-0.056694
0.081603
-0.181576
-0.264506
-0.037745
-0.463197
-0.167640
0.004087
-0.000321
-0.394325
-0.028215
0.216137
-0.114134
-0.038816
0.151461
-0.093320
0.043395
0.186874
0.086242
0.225734
0.008350
0.173102
0.215500
0.064876
-0.019328
-0.208909
-0.127219
0.168064
-0.080086
-0.099971
0.190651
-0.190602
-0.027403
0.015508
-0.581195
-0.175714
-0.222767
-0.279172
-0.066567
-0.007753
0.261755
0.127064
-0.087592
-0.173804
-0.422909
-0.285556
-0.101052
-0.000016
-0.076201
-0.236682
0.010385
-0.090865
-0.130429
-0.345502
-0.293406
-0.037599
-0.165721
0.061137
-0.149227
0.039583
-0.053171
0.141439
0.005436
0.175236
0.147249
-0.063838
-0.058501
-0.180403
-0.142982
0.015868
0.048871
-0.056841
0.268835
0.087822
-0.205464
0.151647
-0.207513
-0.284152
-0.060633
-0.165992
-0.104099
-0.161283
-0.076700
-0.198450
-0.326082
-0.208797
-0.170603
-0.241701
0.147219
0.149103
0.007655
-0.073551
0.076533
-0.154590
-0.300333
0.017430
-0.104923
-0.119644
0.183189
0.004849
-0.215030
-0.116971
0.002272
-0.121416
-0.130575
-0.119820
-0.169819
-0.204903
0.085415
-0.315187
-0.274137
-0.152403
0.210585
-0.106453
-0.111085
0.071230
-0.248617
-0.238914
-0.026505
-0.075190
0.123720
-0.095465
-0.054137
-0.036115
-0.115223
-0.022584
-0.096229
-0.167933
-0.173626
0.024957
-0.187700
-0.038151
0.135926
-0.325387
-0.079716
0.251338
0.277561
-0.029993
-0.133935
-0.095895
0.138636
0.055230
-0.184356
-0.468579
-0.038160
-0.156282
-0.286295
-0.200136
-0.229346
-0.122396
-0.135490
0.036761
-0.096947
0.024810
-0.265342
-0.252442
-0.401710
0.333965
-0.355059
-0.140871
0.298047
-0.233267
-0.304689
-0.162357
-0.159009
-0.077841
-0.118061
0.153724
0.008511
-0.022498
-0.218421
-0.230214
0.082406
0.257260
-0.123946
-0.522920
-0.054923
-0.112325
-0.293193
-0.282129
0.142813
0.011852
0.193055
-0.033471
-0.099395
-0.229564
-0.207088
-0.093295
0.109562
0.062963
0.009757
-0.499622
0.068412
-0.301836
0.135786
-0.156414
-0.307027
-0.059770
0.025273
-0.379695
-0.010205
-0.138348
0.310876
-0.317011
0.029368
-0.104347
-0.411792
-0.010740
0.072687
-0.013163
-0.228647
-0.311013
0.095088
0.160140
-0.090755
-0.328591
-0.032736
0.016056
-0.057392
-0.085260
0.029932
0.196143
-0.093563
-0.054377
-0.583978
-0.018787
0.224426
-0.125735
-0.168362
-0.043508
-0.058370
-0.221883
-0.272573
-0.415001
-0.067603
-0.048406
-0.124760
-0.016698
-0.084345
0.061787
0.012474
-0.385467
-0.445726
0.183038
-0.428245
-0.193436
-0.140094
-0.269771
-0.018715
-0.061382
-0.149653
-0.165884
0.057000
-0.335511
